100 100 2 25 10 1000
0 0 99 99 0 500
10 10 20 20 50 200
20 20 30 30 150 300
30 30 40 40 250 400
40 40 50 50 350 500
90 90 95 95 100 300
80 80 85 85 200 400
70 70 75 75 300 500
60 60 65 65 400 600
5 95 95 5 0 800
10 90 90 10 100 800
15 85 85 15 200 800
20 80 80 20 300 800
0 50 50 0 50 400
50 0 100 50 150 500
100 50 50 100 250 600
50 100 0 50 350 700
45 45 55 55 0 200
55 55 45 45 100 300
25 25 26 26 50 100
75 75 76 76 150 200
12 12 13 13 0 50
88 88 89 89 400 500
33 33 34 34 500 600
66 66 67 67 600 700