0
1 271
0
0
1 6557
0
0
0
0
0
0
0
0
0
0
0
0
0
0
0
0
0
0
0
0
0
0
0
0
0
0
0
0
0
0
0
0
0
0
0
0
0
0
0
0
0
0
0
0
1 2841
0
0
1 1
0
0
0
0
0
1 6548
0
0
0
0
0
0
0
0
0
0
0
0
0
0
0
0
0
0
1 277
0
0
0
0
0
0
0
0
0
0
0
0
0
0
0
0
0
0
0
0
0
0
0
0
0
0
0
0
0
0
0
0
0
0
0
0
0
0
0
0
0
0
0
0
0
0
0
0
0
0
0
0
0
0
0
0
0
0
0
0
0
0
0
0
0
0
0
0
0
0
0
0
0
0
0
0
1 6520
0
0
0
0
1 7
0
0
0
0
0
0
0
0
0
1 6861
0
0
0
0
0
0
0
0
0
0
0
0
0
0
0
0
0
0
0
0
0
0
0
0
0
0
0
0
0
0
0
0
0
0
0
0
0
0
0
0
0
0
0
0
0
0
0
0
0
0
0
0
0
0
0
0
0
0
0
0
0
0
0
0
0
0
1 265
0
0
0
1 6523
0
0
0
0
0
0
0
0
0
0
0
0
0
0
0
0
0
0
0
0
0
0
0
0
0
0
0
0
0
0
0
0
0
0
0
0
0
0
0
0
0
0
0
0
0
0
0
0
0
0
1 267
0
0
0
0
0
0
0
0
0
0
0
0
0
0
0
0
0
0
0
0
1 6579
0
0
0
0
0
0
0
0
0
0
0
0
0
0
0
0
0
0
0
0
0
0
0
0
0
0
0
0
0
0
0
0
0
0
0
0
0
0
1 0
0
0
0
0
0
0
0
1 6531
0
0
0
0
0
0
0
0
0
0
0
0
0
0
0
0
0
0
0
1 262
0
0
0
0
0
0
0
0
0
0
1 272
0
0
0
0
0
0
0
0
0
