47 3156 5497 1992 8630 8271 5113 4885 7475 88 2571 4665 19 8736 9974 3281 9707 892 2963 9134 6216 2904 8075 1994 8021 4872 7920 199 1639 8101 5537 219 1767 5309 1761 4902 6820 3219 1753 407 3695 8834 5617 9783 2855 5883 7105 6444
49 303 8703 4059 4377 8518 6807 84 677 6110 222 4894 9627 8406 4648 9411 3068 9166 7129 1883 9564 7457 9045 4495 1700 3251 4266 1804 8148 5006 4217 4730 9571 4915 1122 162 2095 38 4562 5276 6673 2833 9873 1044 2080 68 4631 8712 5555 4424
37 4839 4094 1138 9084 2576 7293 1438 8149 9851 9768 8351 6695 8146 2603 3544 6502 9466 3276 3384 1263 9165 1309 1282 1081 8214 4093 5565 7504 676 7782 9258 4660 4019 3415 4771 4401 6227
40 1335 606 7429 5299 1528 5445 1315 1066 4833 530 7553 4307 8559 8787 6338 3849 7612 2313 300 6663 4302 9272 9543 9106 9813 7770 8628 3717 3747 1352 4336 8930 1985 2146 5196 6343 8828 469 5705 9277
42 445 2949 190 6783 2920 9698 769 9544 7928 273 9254 975 8484 9306 3170 8642 9705 4143 617 4109 5866 9341 7602 646 7876 409 2714 6923 3231 2274 9706 4816 5651 3045 7306 3282 9688 2970 1351 8999 257 7937
32 3580 3444 5018 3743 9216 6656 7104 4733 7499 2316 5601 9068 992 7548 8585 7931 918 1387 8426 1907 3667 5083 2640 5911 2263 4262 6619 8224 9221 3994 3189 9568
37 7318 9888 1664 9020 2432 5424 9581 8382 3200 8832 3129 8112 1986 5970 7569 2673 8346 7422 2235 9729 8573 7769 7503 6932 692 1053 5483 8746 803 8536 4179 6435 1481 2258 525 4269 630
37 8292 4435 1815 6135 3236 157 5744 585 4848 4225 9347 6048 9282 1311 2686 3779 7226 3710 3783 3451 2596 4539 1310 5610 2065 5590 5258 2763 3357 642 8369 2728 9217 9129 4554 2208 8138
18 9913 3291 2285 2834 286 3479 4155 6077 6174 8356 1 7818 2277 4023 2650 1658 8558 6185
40 9675 7952 2296 920 3572 2917 5227 271 32 3411 3208 7442 7494 4088 6280 8376 4642 4195 4003 2989 405 9395 4491 9866 4497 3446 5999 8584 7727 7256 5564 3013 9008 959 7669 8455 1698 7577 3064 9250
35 1209 3457 1993 6115 5192 3471 9852 6296 7657 3294 2566 8055 3697 4855 2006 9002 1637 2415 724 7077 6025 6756 2854 3498 6167 2567 9017 8427 6787 1811 111 4458 6249 1574 1306
34 268 1492 945 4184 6457 3024 5440 8203 8236 6851 4421 2275 2781 9679 5433 3466 580 352 4372 7570 4739 924 4360 7062 7743 809 564 5667 7023 1419 3690 7954 5798 3484
38 4379 7640 7399 3988 8175 3333 3168 328 2720 109 5598 2578 8955 5746 8698 348 5400 9141 292 1518 7793 1012 1921 6292 2109 5574 4234 3649 5191 941 4681 5146 1703 6621 6482 758 7349 2764
43 3527 1305 9393 1543 6780 3951 9401 5510 6265 519 3555 7243 2696 166 8378 9947 3373 3203 9406 6689 2787 1644 7203 3403 4782 4318 5583 1429 8314 9630 701 9208 1917 6219 3201 6472 2743 5759 1025 5581 1859 1952 437
34 7320 2106 7229 6269 3410 6710 423 9274 417 7188 7092 8040 9394 8739 3317 9640 720 7867 9983 5878 8645 531 2037 7797 5487 6449 9428 2034 4265 3400 8451 6978 4103 3780
34 1978 6654 6456 3607 2356 3329 9305 9691 9757 4794 3840 956 1794 8367 2305 5300 5425 1276 1771 9270 7962 481 714 118 1853 3472 6891 8205 4534 4808 2879 4578 1982 4978
32 8329 6901 7070 6794 6952 2531 1830 1465 5716 8449 6182 1627 2577 8229 3646 1271 4227 9283 2000 9651 8077 8922 5278 3365 5329 2518 8017 9840 2987 8044 2772 8674
45 3253 700 6694 4309 9523 6404 961 8133 9164 8219 24 5025 986 7118 439 2464 523 2930 1723 779 4066 4944 6708 9795 3459 9224 1840 2552 8916 7531 7730 3339 5231 4552 6532 2708 8743 2978 9181 9597 9059 9271 3407 9391 906
5 1178 8306 8463 2221 1055
35 4214 8024 8509 1635 3025 1593 1372 5086 6307 5089 4661 7114 761 8956 7628 6871 671 1738 8551 133 6181 7516 2901 116 8065 5785 912 7317 6318 7719 6194 6702 2138 9796 6136
35 8204 5890 4414 7975 627 8262 9670 6381 6329 8747 5636 9738 7792 7764 9710 1345 4050 2241 3261 4770 2351 2633 6682 3060 3909 4313 2705 9585 1234 6088 1901 9615 3099 60 4501
31 6150 9514 5402 7430 6849 3605 753 8328 7448 8774 4689 9657 8814 3271 6251 6863 2416 9235 4740 9995 8579 4963 3192 8482 9486 9383 7624 1158 8927 2038 6505
5 4679 8088 2873 7586 7307
37 6044 9935 8978 6916 117 6139 1503 6438 6718 7554 1384 3542 7162 4537 1193 6757 993 4843 4821 6833 572 970 3556 7588 5136 5496 5145 9016 2994 5246 2871 7026 5741 3998 9700 6229 8677
11 8578 7778 1365 8121 9602 4482 1108 3906 6936 6214 7152
19 7913 2122 6298 8933 668 2104 339 8469 1401 9091 3379 5740 3095 6589 8417 6637 5978 2139 3664
46 1867 297 3869 5358 4437 1447 3103 7965 5205 2934 9733 3426 1625 9926 5554 2020 2661 9262 2967 5777 3601 3462 9190 6407 8597 7321 5692 5715 6033 7006 9572 7653 3803 3777 848 1063 7470 1361 2703 4162 8592 1514 6246 1510 9690 7696
35 1888 9901 5693 4637 9976 8448 394 5751 8128 775 6784 4969 6893 9182 4869 1595 7567 5995 4711 5700 2401 9458 8177 7598 8772 9375 1298 3296 6015 3040 4905 6827 5002 2905 4474
35 9412 7249 610 1609 7471 1530 9325 3196 4034 3239 3105 9842 4792 5369 1930 5417 8502 4256 9335 6734 659 880 1075 5028 3309 6303 5917 3441 3658 944 4295 1174 4783 797 86
32 3257 61 2519 6189 3540 1908 6026 5507 9505 3050 4285 5892 2429 5291 5391 6179 7683 7637 6478 9583 3152 6040 2388 6231 1362 5401 1129 8084 6233 20 3698 1191
32 8587 7957 2135 2788 1200 5727 4428 1054 8059 6971 6188 3133 4653 2327 833 9934 9632 3648 2942 979 22 4397 7330 9028 8836 3567 1607 3250 6315 4215 4122 6063
32 3549 1515 2147 6418 6004 5189 615 381 7704 6805 8713 8629 403 1568 1415 4136 6413 543 608 9188 7420 1032 9285 7798 8005 2726 4061 5833 5431 4075 5458 9117
29 6765 6304 9805 5948 3821 5719 2559 4115 4724 1912 5695 7117 6596 65 2539 5120 9150 4369 6308 6802 7145 8660 695 1171 7127 2067 333 4320 5446
34 4687 2774 1273 7911 4112 4693 225 7572 2536 419 2036 1601 6767 5237 7712 7245 239 8617 2039 4489 3269 305 130 9062 3918 4999 8242 7473 595 6217 4994 9775 5363 3631
9 4829 9044 2654 5319 5177 8522 1379 4210 8123
32 9267 9003 7141 7230 206 4153 4056 2217 6924 248 5304 2399 3746 2622 6961 5045 1768 9821 3532 11 186 3247 8248 6157 9501 1292 7073 9239 1570 5037 431 5269
33 3055 5090 483 5235 9559 3541 1349 7041 6473 2141 2233 4654 6713 1783 6605 3574 7737 1203 2124 9598 4211 6628 3195 8355 6447 9269 5912 1395 1019 7976 1210 925 2813
29 3017 1313 7465 9137 41 5955 8786 9720 7595 8864 9139 4008 3009 4429 3101 5023 3701 3328 6856 515 6325 9713 8732 264 7748 9589 9766 1403 7611
31 7329 5517 8557 4742 6711 6804 4502 7116 8190 9429 6058 1272 7372 3370 3974 5957 2319 7392 3263 3968 1416 9900 8491 351 5762 8647 3256 6458 5944 8210 170
35 7198 6412 200 7357 2784 119 4910 950 4090 1527 2675 3807 2442 2982 9171 6529 7870 4204 4085 4878 2048 5824 3164 9665 8514 7082 9222 3661 2054 1144 2349 9056 3662 2238 6870
35 400 6069 3546 3616 2838 5335 3817 6742 655 9452 168 691 7045 8401 6367 1852 4970 4623 1629 1501 2160 5511 2903 6785 6774 7452 1802 7717 5242 3273 1011 4479 2493 8232 626
27 3371 4349 3197 6466 6361 9202 1557 5381 1215 146 8434 7209 5875 6474 8843 7081 7397 1508 6416 2057 3917 201 2827 1259 3652 1318 556
30 6822 6724 8342 2735 3005 4761 489 3830 7406 7451 9890 7263 9743 2105 9487 8277 9950 5495 9963 512 2360 9077 5171 7003 8525 9984 712 3214 5806 5811
34 8699 4080 9314 3188 3112 2293 9450 2245 4328 3249 1884 3623 6360 3921 2115 7389 74 8291 485 7735 1945 4238 3079 6810 2995 2013 2339 9086 6598 705 3719 1092 4425 6997
36 6875 3067 7993 9965 6123 4171 8708 3409 5899 7309 2975 5082 8800 1470 6821 9666 5453 4789 2374 621 4036 989 8524 7521 7435 7838 791 331 6860 2725 6661 1958 3153 6073 6918 7024
27 7585 1995 2278 9078 5324 3047 7428 8243 3057 7445 9617 7232 4602 6078 5748 7502 5525 3645 5027 8432 5680 569 558 2283 3742 3898 4005
29 565 2465 672 3245 1773 2385 8686 4875 6984 2548 4293 987 9000 9195 5702 8530 8470 1891 9578 9742 9780 5353 988 9660 1007 1141 1164 2255 6853
27 6735 533 4935 3692 1613 853 8737 4767 7808 6615 280 6751 2916 7370 2345 3788 5221 6604 6551 8474 1028 7419 5910 7426 7946 8350 4650
29 6547 1674 8675 8085 8191 942 6739 444 7558 9191 2799 2089 7446 2119 6357 9247 1911 1714 6880 8752 1631 4464 4229 3235 8442 3670 1772 5571 2625
30 6228 2507 2123 9996 2986 4980 7190 6023 9952 9546 713 708 4274 1551 2921 5080 8851 9440 3916 1632 9173 9094 2437 2643 5073 3932 4252 2227 6981 4296
18 3654 2214 7914 1988 9083 2918 5795 6027 9877 4183 3561 5956 1383 9389 265 587 4861 8098
32 1757 4071 6410 3972 7685 3051 7134 5012 91 5902 9769 5757 3606 7266 8952 4406 9103 3843 877 5534 2341 3639 3209 6034 2043 3519 362 1846 4553 1576 4662 3712
31 6913 3375 5856 2357 6575 9819 4585 1221 6633 4940 1264 2614 857 9469 1233 5882 678 7072 1461 7178 1308 6590 7607 1440 1490 2592 4216 2490 5280 5499 8375
13 8890 9102 5383 7067 6838 8794 8706 8240 9986 8552 1526 955 8770
24 2166 4020 6206 7692 2973 1550 1494 9104 6316 1729 4546 6218 3377 8990 4690 267 589 9242 6267 3011 8256 5736 879 3903
32 5049 4984 4601 4346 3786 3148 1386 5234 2992 1101 3477 7787 8644 9319 1104 3424 8591 9694 6020 8247 1451 1538 9310 9315 1933 7454 3864 8998 4448 9977 562 7283
26 5282 6053 6706 3891 3513 8462 95 3270 9286 2952 4888 7463 3160 2455 7085 7217 6042 2892 3547 5343 7747 4715 7571 4674 6499 302
30 8370 3603 6831 1984 8310 6199 6202 8323 661 3146 501 5818 1873 9800 1455 7282 8410 1168 4123 6142 99 6328 429 3800 2125 7359 6464 7597 8543 5841
32 768 825 9625 1866 9654 6485 4525 9557 9265 7255 3663 7172 7341 7912 5838 9972 223 782 963 9490 6370 1458 8668 2906 5019 9908 101 4564 269 8372 5676 3380
28 474 7557 4455 169 8989 3364 4021 554 3579 4223 6752 3901 6839 2151 7847 7197 1597 1756 3808 2956 4084 8565 349 4375 466 5122 1333 8137
28 1240 8784 8489 4973 8274 2143 5712 6818 2663 8263 3052 4323 967 4734 6253 2085 5297 6679 3034 9149 5585 2842 6759 9674 1641 1366 2030 8069
27 5668 8435 2512 8671 1100 8213 8309 9364 9481 4866 6885 7301 8259 3487 4423 2362 5738 2931 1463 7107 4550 2739 2749 192 2342 2298 9650
15 8711 5382 2684 8284 9867 4762 9982 7875 9618 9903 7520 110 3283 9257 383
31 2783 2538 9806 6119 3795 3066 64 5535 5539 8042 7580 8731 4515 9809 6857 9482 6425 7236 5962 34 5810 4881 367 5206 5223 3677 1812 9745 7189 8778 4271
31 6239 8803 277 3976 1323 4867 7512 7103 6580 3054 3845 4667 8932 3565 7627 4675 3085 7461 7505 4505 6106 3348 8186 1187 9010 7974 9827 8036 1425 6364 7215
32 2056 5654 1170 896 9680 159 5060 5678 2639 6842 5263 6067 8876 949 8300 4264 774 6743 3494 740 4775 37 3948 4638 9260 9218 1712 7170 937 6769 7641 4918
11 666 8719 3056 3399 597 6236 4459 4015 722 6675 6700
27 2883 497 9549 3632 7864 5193 1013 338 575 680 3748 6629 4847 5314 9870 500 8011 8875 547 7386 6211 8305 4752 4728 7261 9577 4545
28 2436 734 6424 4659 3958 1079 4713 9685 9751 4404 2935 9264 6085 2602 9896 7254 6778 356 8288 5640 3486 5787 4541 6046 4303 4898 2090 9850
30 7314 1097 5387 57 4882 830 7877 6237 6012 8072 3851 7208 6584 3316 7999 9355 7665 412 2040 8466 1094 5739 28 3766 7121 4702 3132 4865 5538 1452
14 9550 81 9548 155 5639 1934 2517 2707 9683 1882 1614 8336 4145 611
14 7862 4712 7250 105 9471 9500 9911 1797 736 2131 2595 5415 8744 4445
27 5721 3445 7956 5766 9291 6639 1491 5996 8631 2261 4104 2444 8951 5093 232 3893 2740 1034 5155 2759 3241 2083 8946 9413 2055 5848 4315
35 7677 3855 7319 6003 4233 6786 8795 9087 1784 3732 1414 5161 5709 8407 4014 7365 5548 6064 6162 6609 5194 2676 6240 7500 9812 5252 1391 5195 974 2024 1820 5373 8282 566 3931
24 7768 3739 1475 5967 7840 2748 6021 5238 1393 6758 3570 5427 8961 6383 1130 3075 9170 4257 3001 6958 6210 5685 6933 9637
15 311 6475 4258 9183 1302 3659 6235 2229 919 6256 5492 1919 8863 393 9088
33 3758 2060 9626 8338 4630 6843 842 1630 7246 9526 4206 3314 4111 8534 7394 3083 4776 2644 8672 9701 3784 6798 4037 2328 6945 40 3449 8619 1274 2097 59 3860 12
13 563 1381 7071 7740 7225 8387 5845 9007 4180 7244 1760 6693 9387
28 9869 5887 4194 5713 69 5602 2292 6749 6969 9684 2126 4499 4806 7440 9225 8603 1428 8958 4148 17 8680 7345 2747 8554 5202 7138 757 4719
27 1090 6922 3564 1869 823 6141 3875 9127 9151 5017 9968 2395 3867 9928 871 8662 4089 468 8026 3577 8347 4102 3343 1506 4212 1851 6991
25 6220 8104 7253 9207 7889 3596 4643 1222 665 4200 98 4594 6638 6703 7791 6816 9774 9556 2093 2587 6072 2333 2050 9451 307
33 568 8586 1512 1267 2999 3585 7040 4410 3190 1910 2809 982 2397 5308 1248 1733 8545 9570 1827 1539 9408 9435 5152 2860 4632 7545 4860 9371 2354 3715 7161 5790 7825
29 5615 6607 4842 7186 511 4873 2072 1500 8187 8915 5014 2304 8785 244 1466 5650 1165 6277 2350 1405 8635 9949 1536 4237 5867 7268 5629 1336 5125
29 854 7759 502 7861 4139 1833 3073 1412 2900 916 4884 5092 4074 6254 4954 7292 4853 46 63 1482 735 5468 3944 5927 5923 3609 5666 5354 2427
27 9864 1111 9345 5034 1407 6538 3772 2791 5386 3686 6398 699 9135 7507 8811 2092 1125 8456 6140 2394 8097 3198 9308 5942 1418 1624 2188
31 3693 1269 2651 2520 4706 8425 1441 9316 1257 730 5289 8783 1062 1534 3340 2174 2634 2116 8361 2557 1989 2800 6835 3194 2378 8341 605 6294 759 1244 3884
28 4948 211 1406 66 8225 697 4583 5256 4696 7594 5523 541 1496 6378 7231 8233 2462 1814 5039 3102 4707 2616 4149 6310 4079 4678 1966 7708
28 4507 8792 8868 2912 9495 6729 7823 5603 6930 6345 1937 8481 2111 5038 6826 228 5447 4283 7785 958 2022 6555 8405 3872 5720 1404 8850 7111
29 2941 5406 8588 376 2511 8157 4959 3420 5853 9696 2260 9485 7873 8007 1861 1879 5519 5005 9050 8241 7529 9261 2514 1617 1337 8473 8162 1903 3850
33 3398 513 8555 6186 7207 802 6356 463 6587 3925 9681 8547 886 2635 3124 1275 1449 1469 9378 7222 5036 9113 771 2047 113 1782 9802 5131 1268 6035 7391 9703 6461
25 7088 6327 7373 6402 3675 4247 3966 5881 6379 3666 1523 7148 4279 5367 7551 2667 4727 3187 7291 9040 8478 2631 5630 3305 9756
18 6403 3135 2882 1686 5619 1650 8504 5007 5079 2489 1762 6468 673 1824 7744 8839 9759 7814
28 378 2828 5771 1430 4532 1348 5442 709 5243 5163 9407 3593 6131 3912 1856 3467 6929 9324 9689 3628 6204 7313 7413 7337 6177 2363 9476 3857
18 1874 1842 2178 4989 4529 9366 7130 1946 496 4856 2877 3995 7981 4991 2289 4350 5270 5718
29 4028 8158 3816 7837 4544 9128 3366 560 6013 1330 6437 1294 9785 9874 5708 3930 907 9728 7411 7046 7486 3554 8270 6542 7400 4701 5644 5162 1134
26 6160 6024 3629 100 6836 2681 8804 1220 832 3615 1774 254 8510 5340 2861 7949 1707 1666 4110 9727 77 2001 4272 9154 3809 8106
25 2026 7710 187 1735 6649 7364 6967 9015 4703 8134 3799 7830 2762 6737 1525 1239 5271 2340 8060 1678 4081 9692 2894 4390 1594
28 8086 3442 4914 7690 3435 380 175 6579 3157 4128 1871 658 2501 9442 7169 5166 6038 5945 6926 1832 2555 6144 1133 6948 9664 2469 7834 8797
18 719 4830 2680 8437 4523 6259 6109 7124 9470 6986 540 8130 5207 3920 5148 7303 6295 9932
24 2881 9042 1189 1010 8882 164 5743 1942 5172 2979 639 5167 1338 3813 369 3155 6812 628 4579 5570 3023 7824 3589 8280
23 6536 6570 8445 266 4807 8854 715 5464 9881 1963 9512 5959 9234 3757 7871 8010 7279 3759 4312 5521 360 792 3412
17 6039 6855 7091 8516 3437 1417 5993 6937 4627 8754 7469 6696 1238 9970 3950 2322 8717
14 6252 4644 25 8627 9777 9240 30 3980 314 6014 2259 3595 5696 557
27 656 4536 2742 4208 1862 7901 8444 9620 3753 9988 3443 9388 7933 4326 1591 2769 3293 1283 7027 2723 9423 1841 6045 343 1091 4348 7185
27 1228 1845 8856 9409 1227 6476 1109 9370 5901 3775 2187 3862 1121 728 1201 1199 1050 4608 4603 7745 5379 440 4231 6187 9331 4735 8582
14 4494 9121 6793 1260 2071 6097 8944 8769 5789 139 5022 764 8120 8152
27 375 8458 856 3090 2711 5477 4895 2207 8640 9631 1424 4159 887 8419 4430 3794 1241 6428 9074 5185 4412 8623 7509 325 971 7783 8818
27 7934 8728 9846 8118 6098 29 3430 5879 7922 6000 3493 6366 7210 7212 4893 9367 882 5450 2672 7423 5170 1544 3591 136 8166 5333 8169
30 8302 208 7171 9610 9511 6652 8801 7574 5182 1211 6642 5393 293 5600 104 5835 3342 1578 6459 3511 6915 7961 42 9798 3700 911 7772 7869 4013 8054
24 1363 2869 8614 3655 241 8782 2867 7525 6921 3461 4045 9734 4388 7479 3397 2364 3806 33 2474 3015 5419 7898 1938 914
16 8773 6974 7749 3919 8459 5992 5396 604 6796 341 3844 7382 5011 8467 8371 9390
29 4511 284 8102 5576 372 9156 4282 9576 2335 5043 1692 5584 9330 6312 1640 1485 7060 9892 135 4950 4230 9126 662 8012 2224 1547 6507 2606 234
23 6293 9503 3622 849 9303 6815 9633 9508 7829 8760 4060 6471 2732 6134 2524 7106 2503 8602 1585 1638 831 8337 195
16 2384 97 8170 1331 3582 7963 6275 2621 528 8858 3681 4 5876 5854 7335 70
26 8167 92 1605 5809 7882 2467 4937 6462 8691 7508 8963 546 8465 6554 6972 7199 7022 6421 3143 4287 8515 2301 2059 3254 9937 1837
23 7438 1863 212 739 7048 893 5620 1584 5990 5009 9292 3907 173 6149 6262 819 8914 8657 9667 2870 1390 1076 4392
31 3176 4815 6076 9011 147 5213 599 8420 3798 5040 6983 1198 6068 3550 2955 6359 9348 9704 2884 2804 2506 3982 861 822 2946 7136 5470 5964 2252 4841 3274
30 5717 8155 5516 9538 718 3770 2919 9595 7156 4167 6029 674 1048 4787 865 3865 5032 7879 6727 9575 3678 5943 2405 9715 5115 7029 9210 1147 571 8572
28 6740 9140 549 6101 5287 2366 6662 2537 7757 928 6738 3406 9110 6704 2859 4016 2572 4596 2798 3144 1739 2965 8183 4288 4785 1643 1579 1157
28 7196 8653 5069 9731 5663 843 2829 5698 8960 2129 2479 83 5906 8512 884 5135 6892 5277 2733 4946 1329 8765 1161 2219 6573 6612 6750 8308
27 4826 4228 2112 583 4788 7916 9219 4558 4117 7278 4291 716 8209 256 3006 647 9762 4294 5594 184 7478 8066 2864 3488 6690 9443 818
29 4657 4017 4958 6698 2738 9761 7234 8826 8615 9209 2515 9043 1217 6719 889 7907 9565 8353 121 8757 9318 9807 7973 7424 5831 132 8613 1663 4399
20 6430 7884 4355 1697 3119 6503 1030 5541 1999 6223 6297 7651 3506 4974 4754 4422 6535 7518 8411 7559
27 726 6645 6132 1620 9035 8637 7687 374 711 461 8298 9082 545 9917 2414 8228 3082 9924 2472 1600 6841 7880 5949 7978 8865 2114 910
16 7346 442 1286 537 9232 4486 5061 8068 745 6617 2443 8860 6847 5368 7437 5275
18 5649 7534 1316 7960 4845 2761 5102 6530 3003 9653 4357 7832 5392 3387 1249 8185 4729 7281
24 4704 6244 2605 5783 342 607 2648 5054 9554 90 6324 4521 9416 6056 9073 7658 4551 5560 4769 3180 3140 9781 1247 8022
28 9619 8681 6942 1565 4673 4376 9628 1564 4953 2477 2959 8492 817 1237 1182 3725 4590 2168 1673 2721 6126 9157 1792 4522 5117 231 573 7395
26 9820 210 921 6409 8664 4781 6168 7701 2568 7967 7312 2179 5792 5929 9724 2419 7159 4381 9540 5645 6496 5989 3447 1341 8942 954
10 8758 310 6397 8696 2985 5728 6576 1093 9638 131
27 8566 7994 156 3735 2352 8823 2180 6641 9823 3295 8988 3233 3450 6806 6415 8359 7638 8807 1039 2471 7030 1021 7332 329 4790 1173 5547
30 7020 9071 9464 172 4966 2641 4677 2082 6159 2600 150 6771 4297 2996 3483 1896 2451 8129 903 2817 4827 4187 1807 7497 7031 5204 8114 1623 1865 9329
29 5295 3030 5218 102 5861 7211 9752 1897 6450 4365 85 682 9799 612 6777 8844 154 1596 8733 6047 5732 5643 2872 5625 7315 1043 2914 7035 8174
14 5332 2645 6678 3829 5765 8494 8399 9678 9973 9624 5897 2593 9099 4695
29 6399 629 7576 1997 6121 6392 3636 9475 1324 1913 7631 112 120 1876 3873 7935 5107 2404 9584 1112 8894 7269 5752 4927 2679 3642 6959 8519 3218
25 5868 2695 3468 8979 1511 1745 1799 1332 7799 4046 7009 9298 290 6001 9143 2832 1236 9946 8678 2701 3046 7427 5118 8893 8607
27 1346 5628 9473 934 4907 5466 2601 5143 9779 4699 4607 7361 1235 7276 3351 3575 3372 5139 373 1964 6092 3419 4859 3094 2689 7844 5665
32 1843 8962 5686 4207 8198 4327 9133 8945 660 2885 3436 1402 1981 6874 4682 5675 2990 505 6284 335 7695 2945 2392 5820 5677 3126 632 3781 8091 4509 1437 8363
28 422 3036 3414 5808 245 3721 1752 3789 5214 2159 2248 2497 5701 8833 2205 9268 3361 909 9029 5321 2344 7132 752 9644 3431 8925 7681 7795
23 9090 553 6305 7434 9645 5971 4125 9159 7274 8976 1072 4001 2560 9009 1960 7819 776 6588 1616 1953 2638 2795 616
20 5087 9992 7493 5799 1489 9046 9574 9980 8993 5849 8896 9322 8881 6287 8281 9076 1172 26 4922 9215
34 1777 6903 9255 1968 9144 9031 9537 6498 2250 3123 7140 1078 5958 7417 9962 152 9344 8287 3823 8649 2478 8014 2655 6166 4403 570 1467 7888 9616 8802 2770 8013 5398 1718
21 6222 5426 5816 7065 3173 1033 930 1941 7425 9662 7488 1099 5349 681 3854 6611 1522 6844 7358 3080 9309
19 7816 4593 1369 8869 2402 9100 7812 4777 4801 6862 3796 4748 7523 189 129 8090 6819 5408 6667
10 7709 6912 6319 8793 7815 5062 5247 6107 6911 7001
30 7477 462 922 8575 4031 7323 4877 448 8025 1340 1741 9718 827 520 5180 8252 4933 875 1029 4543 5823 2433 1611 5436 7670 2321 8738 7002 2223 8612
29 1835 3167 9402 649 3859 9981 2118 4062 4213 9205 8991 7562 5323 3136 7796 8742 1649 7592 4721 9041 1795 6057 1696 36 9032 4723 4185 6533 901
23 3778 2181 3418 7915 2108 9623 1580 3640 4924 9213 5222 5094 9975 4964 5670 3815 3814 5216 7930 5595 4803 5438 9339
25 3557 3029 9561 5359 2543 8179 1110 2665 6772 9930 4173 4244 7698 5341 9386 1924 2459 1943 2575 21 4620 298 1085 9956 1084
11 2418 2896 5283 7012 6130 9697 7800 5515 441 3558 7302
24 9138 4387 8176 9362 9433 9871 9987 6059 7298 874 8403 7294 6660 6928 8307 3597 134 4517 755 9220 8299 8499 5874 5939
27 4255 5934 9477 7398 704 6956 7135 4245 4749 9187 3625 1860 1471 3997 177 4477 1737 1656 5725 5259 2811 8380 75 5121 4504 3576 7410
14 4467 318 9153 8335 3900 3610 6823 7780 3676 9961 1462 504 3386 3172
28 4475 6809 6965 3790 8521 8799 3463 529 3174 7762 2190 6882 5656 3894 7738 7656 4569 5528 8037 4114 8144 2647 1877 8676 4731 3039 9552 7039
25 6172 8694 2140 1223 3885 2972 6138 6451 6066 4880 7622 387 972 6234 785 9893 1940 1116 1445 9494 7310 2371 9555 5407 9536
24 7174 772 8529 4756 5998 8901 7614 618 9167 1042 824 9453 4386 6117 6525 344 5781 1484 6151 472 1822 263 6084 3858
23 1422 2797 2377 9912 4170 2272 2332 3999 1920 6203 1541 3908 7195 6276 2317 5378 5128 8058 4896 6007 2136 4339 6285
21 1040 6133 8379 9830 6746 2657 2079 3947 6420 9929 9018 8294 4919 917 7299 4621 5947 7774 3801 3252 6433
28 9037 2585 435 1725 6677 8973 9838 7004 4426 5123 3961 2924 883 3022 6776 9655 2826 6906 7354 8264 6281 1152 4418 4753 7238 4923 8163 8267
18 7555 5241 1521 5933 9054 183 6975 7726 5347 4575 6309 4131 1068 727 2844 9793 9622 5147
30 2426 3531 8791 6985 9226 7366 15 5769 2383 9297 2281 1394 2505 9012 3121 4851 1370 5105 6178 5217 9223 4367 5846 3031 411 7820 3984 6273 3035 9993
24 5285 6537 7693 9497 2652 5803 7043 8590 3573 2017 6089 2584 2808 9036 8537 3352 8315 3062 6788 2698 327 8461 795 181
22 1206 313 3793 6625 6873 9300 2938 1357 6061 3738 2183 2483 7128 3634 7652 9105 7563 3318 149 1128 3229 7204
10 2015 4528 2302 1926 6543 3336 4768 8755 4281 9532
26 6618 2480 2107 4002 8368 6939 8033 3765 1628 1702 7552 733 3177 7339 725 9758 4514 3653 5429 7297 4945 3734 729 1261 9918 9326
20 5409 633 2453 7120 5160 7794 2355 2375 9112 9837 2299 6006 9904 7443 9695 5509 6207 932 4118 4492
22 8412 1160 3993 8062 128 7515 2078 1245 6982 8761 9882 3154 2447 1688 8383 1167 2137 5722 5236 4844 2618 3836
6 3147 7284 5141 291 4364 3618
25 5920 9313 7846 1864 6248 6987 4331 459 1041 1872 4921 1493 7790 8749 7921 5114 4431 8050 4943 7639 6577 5203 3458 452 1226
20 3138 957 4586 4450 3773 9116 5860 7180 7237 4121 7194 7982 6282 2485 8045 1278 6725 5900 7758 2280
26 8464 9744 9199 2008 7456 7984 7647 3524 3970 1598 2153 4617 8889 862 8289 50 5199 5482 363 6668 3957 5109 5494 3687 6154 2521
25 1002 2074 6659 6920 7344 7205 1255 7455 1516 2535 9445 261 3183 9051 7096 8015 7839 420 6585 6266 2821 3059 7593 2853 5434
16 6877 8965 8954 3089 2690 5100 5822 9957 5940 3683 2194 4862 2730 8352 7964 4883
28 8652 6393 1256 6493 193 7415 6196 7636 6263 8246 9101 2076 4038 3915 9872 2687 8164 5013 5421 5053 4146 2262 3551 6334 1927 2155 124 9499
24 1326 1970 3990 7686 3866 4986 1123 1047 6513 786 8817 9969 5552 4710 1151 7142 6495 4226 2458 7596 7526 2249 8837 1185
22 7019 9563 4664 4652 3065 7894 8610 6414 9816 27 7510 7817 2473 9098 503 4995 2624 743 3853 6500 4926 4157
18 4205 1560 2270 6165 2702 9510 732 6389 5694 7187 2574 5420 7885 9148 6973 679 6158 6595
20 2981 2893 6850 7857 8616 8835 3704 5614 1885 7729 6549 9607 8810 6049 9162 4067 4165 1205 82 224
20 9289 6526 3122 4981 7900 8486 8831 3583 8324 9328 6977 9175 3689 4573 5634 7752 3356 8704 4531 2169
29 4078 6340 7988 1480 5888 6657 5112 4224 4758 5674 9941 4874 2971 1769 3392 1389 6374 5938 1103 2331 7721 3769 8751 5024 5587 1507 9334 2185 1929
19 4063 6541 138 3149 6799 1587 5305 4394 9832 8161 4470 4351 7308 3831 7841 9147 9663 108 2032
20 4913 2706 6523 4196 2927 1353 7666 2513 6674 2279 4359 8992 767 3955 6347 2807 2204 3206 8454 142
18 3311 5465 5907 3169 6161 826 1504 2213 6655 2960 687 1188 7966 7094 5178 1736 5138 2117
19 3833 8996 415 2731 683 8440 3924 4850 5430 7703 8911 2370 9446 2962 5388 1295 4251 4484 1456
30 1113 2110 4485 506 8257 5566 6865 6122 6268 9361 2547 760 1886 4694 1432 2932 4831 5165 7646 5288 9605 9204 6653 2027 1748 447 56 296 5592 295
29 3325 902 4260 493 8505 475 7287 9859 4591 7407 6558 510 484 4039 8003 1017 9951 7866 5337 4391 1321 6306 8141 6358 3787 8541 2421 5449 3110
27 8892 8290 3530 4353 5710 9246 1031 3992 9060 518 1342 5529 6091 4190 3037 2003 1728 460 6779 6050 9014 6317 651 8641 9971 1136 6492
16 6031 7108 657 217 8531 9480 8924 915 7369 4444 6432 9338 9193 4813 2010 6111
21 4836 5711 4481 3425 2320 6128 473 561 9444 114 5484 1850 1766 793 427 2775 3131 5972 9787 1619 7527
20 9737 8940 196 7080 282 6858 9194 5632 2580 5350 2636 87 426 4928 2974 8487 6005 8891 6439 4041
19 4717 5169 5827 9092 9593 4053 4030 2863 3878 2925 1279 7409 6990 7517 366 522 5068 667 7603
26 9109 1589 741 4347 2393 527 2898 1667 5366 8339 6192 5132 2796 4304 7827 4524 6082 3834 5986 5671 6481 7533 6289 4186 1972 3087
18 2297 3751 3439 2856 7848 7856 3933 6488 1743 3895 2849 9587 6394 5754 8663 8966 5461 2243
27 6647 9702 846 1232 93 744 3470 250 6272 4870 1243 5984 9479 5085 276 5905 1334 2425 4837 2460 2719 7845 4261 7264 2450 6080 7489
24 9845 8902 6630 6634 8766 7874 4300 2206 7860 6803 552 4276 43 7923 1787 3078 115 5357 7431 9 436 8151 6509 6339
17 8878 4992 3210 7466 3763 8408 6103 5755 8393 7886 9197 4456 1895 488 644 2848 2818
24 8848 7097 1755 7224 6902 1250 1800 5837 3672 5567 9278 278 3416 7179 838 1196 1434 3881 539 5489 3248 8714 2929 2658
15 2551 2184 3394 1693 4099 8548 4686 7643 2741 9385 2237 5463 304 1659 7667
23 5437 7191 2737 2482 8261 9923 1592 1716 4663 6741 3262 7028 2154 9833 7139 999 45 2569 4240 140 9531 2878 9811
14 3334 9349 4358 5106 7271 9858 8899 3260 9772 5096 6118 8322 8847 3562
21 9817 8485 3267 4555 8285 6722 5503 6811 5116 4449 2997 8325 2063 6594 8286 8859 781 2976 2389 1139 5524
22 4656 9273 1142 55 9712 4147 1967 3053 428 7958 7086 3714 7578 1742 9534 1899 9826 1476 2456 778 7836 1277
23 550 6455 8079 8343 4685 9136 2745 8181 9233 7549 6215 5310 6083 4202 1818 6684 8580 8165 1095 3417 8196 4778 5857
23 8023 4130 5212 6814 2077 1453 2314 933 2025 1711 3323 2434 551 3768 1719 650 8709 6666 2192 8 6065 2049 3626
12 1192 9943 517 640 5126 3981 205 9332 3497 8083 7537 635
17 1944 6120 9382 6927 965 7626 4452 3116 3852 1184 2186 7765 5056 324 2475 5150 9916
21 6884 7535 8840 2910 8477 9052 4957 2231 5862 1163 586 2561 6184 5932 3882 3452 2629 9791 1056 8648 7617
11 7468 6274 5843 1669 1971 3376 9958 8724 811 3302 1732
20 4863 6173 4615 5782 7401 6909 8827 6900 285 487 4330 929 3953 9085 340 2553 4032 103 9301 3507
23 6484 6966 3584 5473 9641 5569 2525 6213 6422 433 6375 6504 279 6380 3391 6714 8812 3091 7378 3485 559 731 6465
20 6279 2240 2324 897 663 1392 2653 385 4871 754 5801 4152 5327 4765 31 262 2318 8684 479 6193
10 8520 8227 1411 6070 6401 5302 4911 1483 299 5723
26 5377 141 3453 3651 9038 3802 1355 2899 7629 8796 7648 7021 1179 1175 4526 7805 4533 5315 1904 4516 6391 4611 6546 3327 1127 9472
22 4666 3669 7561 5756 477 5779 1008 8656 5904 7573 1857 7887 3308 8032 8570 9997 9266 6489 6086 1454 7044 1540
16 5245 8506 76 6571 8798 3141 7661 5268 2086 6171 9822 5830 4082 8606 3322 9417
28 6198 2907 6519 4938 2244 7724 4718 8688 7220 7090 7746 1684 9368 4073 3935 8577 8109 3165 4222 6781 1287 5609 1488 2019 4277 8301 2508 5726
27 7903 3482 9421 4035 9114 1796 4248 1460 2468 4985 1781 5228 9592 1124 7240 5389 4633 1665 8574 197 4518 5613 598 1909 9747 5456 8171
19 1803 408 1747 9419 2632 6763 1531 5336 7016 1197 5151 4176 4513 2157 5623 3301 9676 2604 2253
28 507 1553 7941 9735 7691 9022 6989 6716 8160 3782 4478 3182 3818 6947 5747 4413 6195 1621 7412 3835 6568 7955 9955 4160 3929 2909 5175 3456
24 1710 1046 2937 4246 2626 5240 8143 2958 1647 8103 4137 5133 215 8108 7076 1759 985 9437 8920 3002 7959 7977 6676 8235
22 799 9276 7843 8682 2776 8560 326 8127 4198 337 2150 3937 8052 6406 5546 7377 8234 6614 3911 4909 8569 9312
20 3393 4709 3396 8918 4105 1604 397 6996 4824 1505 5638 4380 3285 4009 3243 5418 4570 8523 2175 4178
23 9065 2928 8194 6491 5356 7064 5188 3476 1307 1154 3404 9093 5186 2532 414 1219 4952 1581 8396 7722 9525 1951 8100
21 3205 1176 1251 5699 5262 6764 4561 4988 8018 3345 4890 8852 5330 7659 3600 7530 7079 2922 8046 7133 8377
19 6562 5815 7663 1057 4852 8105 6905 5963 8027 3761 9108 5365 6209 5346 631 3010 8132 1120 9753
25 8207 1102 6582 4113 645 5829 1681 8273 8748 9039 8016 4722 765 4382 4917 2282 3960 8974 3151 255 5257 3255 6271 9887 5311
19 9030 3904 6041 1838 7810 6898 3454 2682 3538 3429 2068 1253 8776 1836 5922 860 5342 3298 1003
13 7013 1889 6883 6376 6938 5428 3258 866 6386 1990 1849 6795 2409
18 4048 9636 7679 1325 3501 6469 1499 4527 9096 9553 9843 3876 259 593 3520 5918 6453 7568
18 9815 7609 5250 3489 4840 1790 67 3127 1388 9230 7560 6055 9643 4672 6968 8517 4273 5225
25 1364 3326 2234 7645 2424 6888 5351 8296 2348 8542 5880 6556 3212 6497 490 4055 227 1606 829 2396 5800 594 6384 421 9573
20 8028 4705 4119 5913 2407 1145 4822 7387 7462 7213 5805 3706 7755 8639 3624 8683 6701 936 638 5512
15 6879 1561 4651 62 3118 7541 8771 8867 1991 5033 1347 6230 5508 4393 3069
17 2061 9613 7380 780 5405 6832 9611 3939 4250 4219 3973 4407 2268 7775 4419 2358 8008
16 7804 8819 6854 7033 4574 3142 2367 3186 6732 9669 3724 8255 5253 6685 6919 6623
27 3826 8806 1660 5208 8984 8768 8193 7384 3038 2062 1396 5041 3421 5313 2841 4800 9856 7247 3385 2522 3304 9953 2064 1898 3097 3886 623
11 7444 1119 4373 891 7853 301 9145 401 3185 4760 1848
20 3475 5064 8595 4141 5941 252 6205 4835 9236 7340 1806 8734 2091 2612 7087 5119 8424 8216 8443 6632
21 5847 2523 2802 6002 353 7732 1314 8720 2018 2891 7099 3598 4738 3150 9434 5928 3923 3455 8556 44 2170
20 494 5070 8395 1980 8693 7164 996 5532 4253 2570 4576 8381 8845 787 221 4626 430 8178 58 9614
19 9513 7000 9405 5690 1932 7414 851 3756 7868 2309 2438 6578 3227 3703 6257 8710 1653 4018 1082
17 4072 2220 3989 9033 3016 2495 8498 6036 4362 5081 5448 9302 5385 8846 7697 6691 2308
14 3362 4584 8564 5074 9027 2303 2295 2365 2889 9755 1847 4337 3713 3987
19 5491 4068 3877 3338 5870 9132 4804 1065 1770 8936 7910 5518 3071 9189 5768 5591 6176 8538 7953
17 9238 8816 951 2 9023 6908 8583 5301 6747 6137 5267 8125 8418 4572 4174 7095 2163
20 5201 7010 751 5472 9424 5187 2323 6552 2156 5016 4144 5966 5066 7328 3465 6830 3113 8707 8808 6494
19 354 1734 6247 1689 3991 8266 365 4658 4221 3354 178 3473 6683 6797 7439 7258 2481 9396 2200
21 1634 6670 6201 9778 402 2031 4007 7353 357 3967 4400 8475 2646 3592 6224 6845 2608 3684 1823 5077 5586
19 2167 7381 5279 6848 2722 7286 5872 1612 801 4503 346 8977 7280 7995 9063 1654 6616 4987 9875
19 9180 7654 5662 2969 9496 9228 4441 1502 2417 1457 9991 6531 7056 3563 5057 9369 3522 8777 1374
23 6946 7891 8745 5559 7750 808 2051 2256 4398 1420 8604 7675 6017 9414 1126 4427 8404 451 2113 2158 2294 9432 8507
19 1721 6125 8953 4825 5704 4947 2042 6736 8034 2102 127 5000 9280 7821 1486 2267 648 5606 749
20 3220 6426 9478 8609 8421 2957 8873 8650 7616 5804 6561 6286 1675 8495 6396 3423 8082 8701 5814 2251
19 9192 7490 6896 8970 4834 1532 5219 1828 2793 1816 3363 4175 6627 4151 1661 7300 3369 9399 3812
16 2556 7763 5184 9288 4805 4595 3496 3913 3726 94 1765 9006 2189 7233 4925 2211
21 8239 5885 2390 8212 4024 3072 1870 9902 2254 4512 1690 8912 7945 3018 7480 5326 289 2693 6828 1829 7766
13 9463 2751 8493 4164 670 8388 7447 14 4438 1586 6545 7257 3897
21 9836 5500 7193 6255 8009 5031 5076 4858 8937 7728 9352 6866 434 6146 654 5834 4451 6448 4142 2659 8669
12 7464 7926 814 7858 3058 8600 4647 5703 7801 4000 9350 8861
25 2216 3044 4772 5626 5915 2246 723 6709 2950 4708 9857 1916 404 308 5871 5869 9590 8295 4010 8488 3716 5735 4916 5364 6390
11 7325 4773 8805 2193 619 9358 9431 675 526 9430 3514
17 7355 7528 2368 3401 125 6733 2215 577 6754 123 5251 6954 9095 9365 3892 7702 3081
20 4249 6864 6566 3222 6565 516 9185 542 7352 4280 5475 6443 1793 8249 2035 5274 3026 6782 5266 8775
20 9586 8035 876 6333 8150 7668 7322 9498 2232 8250 6712 4565 2381 6640 2087 5826 1077 8561 6016 8429
19 5994 2954 3839 4396 3879 5520 1668 9327 2413 8366 9919 4774 7806 1517 2011 8386 1149 6613 5423
16 6321 5502 3847 453 931 8513 153 6791 4956 4442 8567 6789 9776 6872 5476 939
18 7379 7811 990 1299 1914 8268 8283 1098 698 588 2440 191 8206 2734 796 5072 4908 2628
25 2338 1676 355 5306 1443 1834 6602 3211 9612 7865 4107 1162 2452 7063 7777 2446 4519 6950 3268 9797 858 4737 2550 8321 6586
24 5557 9158 377 3490 4879 5579 5451 5360 4828 52 7047 2420 7326 198 8741 5397 9415 7034 7151 4971 1195 4319 8957 8269
21 7109 9985 5134 249 4335 2688 8593 7550 1727 703 9730 5863 890 5153 9066 8483 2943 7822 9241 406 7049
22 9847 9920 3469 4605 7066 6574 812 694 1328 1839 8721 8496 8004 6720 8985 3074 1890 3448 2847 1701 1801 3969
19 7347 7285 2765 2850 4889 7897 6429 7495 7694 1468 4462 4598 5320 9746 927 6354 6445 2786 5588
15 8670 9547 6446 696 717 6516 5422 2101 317 9200 7068 9764 7723 3517 5784
23 3566 3092 6208 8667 9789 1106 9457 3139 1672 536 5183 3599 5403 4453 5898 7736 1786 2823 4993 3344 7481 9311 3545
16 3608 1715 1603 9337 449 6180 2496 850 2149 7618 8919 7803 2666 3727 8910 107
16 7150 2171 4624 7149 1687 7711 7491 8621 2801 5229 4745 8389 5318 3804 9196 5504
25 2790 7342 3199 3785 3495 6163 8903 3360 3841 567 7674 4912 3499 2435 1957 968 4864 1798 5773 7725 395 653 391 840 2862
19 2132 1433 3181 6730 5210 9333 4356 2852 3874 6346 7492 6846 5345 2423 3162 4506 7242 7405 9719
15 3708 5864 5479 8872 9107 3668 8697 3096 721 4763 8452 6145 3671 3464 4124
19 6672 7119 8272 3621 1791 4549 7849 2236 905 6408 2630 6564 4333 7831 9591 9168 4057 3286 2408
28 6550 9897 1005 6825 8413 3691 6643 841 2874 7927 2947 3962 9725 9353 4466 8764 8092 8358 1291 7216 8756 9717 2094 2197 3287 7350 4305 4446
20 3740 852 9263 9179 816 2526 5558 4370 4597 9844 8822 3300 3568 8391 7305 8658 1894 7348 3033 8638
16 3104 1831 47 9784 3228 9948 8926 9420 9080 6264 7634 213 9998 7584 8340 8217
10 5991 1464 806 9979 4814 2933 5812 8594 5731 3665
18 8447 5764 2382 8715 8094 2498 8842 7272 7608 9363 6887 9356 5786 5737 538 3837 3956 6417
18 8373 864 3159 6332 9652 9403 2058 2466 8140 9959 9455 1183 9279 5924 6878 8398 3702 8625
15 908 1949 3108 9566 7807 1409 3752 5200 5642 7902 5197 6037 3390 9214 7753
25 3510 7929 5001 2315 4154 4784 2386 4906 4163 4892 8030 5099 7137 5298 2325 4589 9124 6837 8634 1826 6052 6731 7126 5697 3107
14 3381 3776 3332 8695 9945 9594 1571 8436 6510 5328 9057 4434 1118 8364
22 39 1685 4150 482 4714 2613 3474 7619 8039 3553 9506 6483 1069 4975 2199 7672 9509 2494 2130 9354 1740 790
24 8073 315 5794 8981 2835 3938 3946 6970 3673 3299 2081 508 1444 3764 4368 9142 6599 3109 1588 8006 8221 9201 9131 9876
19 5457 3986 1024 8020 370 3657 9801 9053 1979 2792 8598 8460 8931 4097 7591 5774 913 900 316
10 3729 7599 815 788 9212 4692 9580 7969 7123 1006
16 6480 4965 7078 7707 7741 634 2984 5761 4668 1026 3728 9253 8087 9782 3346 2554
24 881 7334 4720 9671 6261 2164 1750 3266 6859 235 309 4076 1608 7734 8608 7514 9656 7184 8168 6079 9115 8527 8480 3048
20 8038 1655 9722 4366 1045 9079 2948 4932 8692 1071 1567 4083 3460 7388 5893 5889 9351 7950 5065 8972
12 2718 1582 236 9521 9307 4188 5832 1928 6490 2361 1662 144
19 3512 4496 4939 3077 1431 2264 2590 3432 8511 2403 9964 158 7706 4612 3983 5946 2677 6792 868
13 8184 1143 5103 3374 2533 3996 2966 5239 625 3518 9323 13 5659
22 6200 7102 5540 7316 9284 4087 1281 202 1181 5733 3521 2991 2527 4618 981 2400 3581 6635 9596 8218 7089 390
18 2439 4628 1537 1779 6030 6800 126 9839 467 8689 1566 7396 9760 2692 2226 5776 7112 6400
20 5380 1252 4270 6008 4979 1224 521 6593 6980 2484 8362 2757 6790 6728 6436 1166 1983 8880 6479 5179
17 6907 8767 4645 8601 9111 6824 5260 72 334 5164 5770 4161 885 5797 4275 3902 5110
20 4854 6762 35 4209 4384 2715 8438 5411 3137 9899 6726 167 844 1572 5687 9895 424 1001 1207 4129
6 8967 977 3718 5974 8581 9404
11 1146 7940 7449 3004 8153 6373 7484 7436 7485 2704 8898
10 9925 4415 1780 7664 8849 7859 5839 8043 8508 2152
11 2176 3774 5374 8935 9373 1648 2218 6423 2449 51 1230
22 3722 8063 1902 1218 6331 4064 5729 7273 1450 9835 6886 8871 6962 3660 9883 9438 7221 1380 7083 953 1254 9938
11 2782 1319 9621 6363 9861 281 1435 7052 8222 8211 8636
22 7267 6512 6601 3910 7543 260 4440 6337 2045 3979 1448 6671 4616 4780 7385 5506 5455 3093 7604 371 4218 1107
12 9249 9672 7158 8223 287 2120 5490 8061 6867 9940 5543 2671
12 7716 3438 6369 4619 8400 5249 5577 9978 5209 185 4820 1642
19 320 2291 122 4314 9889 2311 7333 8116 6232 1954 2588 2980 2685 3171 9942 3244 274 3275 5672
11 4832 3952 458 7802 5655 1717 904 7872 3868 9489 5788
21 8182 216 9070 1955 8093 9425 4587 1965 969 4903 5660 7908 8702 1969 1936 5936 7054 9786 3000 6524 7163
21 4819 601 9790 2230 9629 275 800 2712 6385 5088 9603 2066 1373 6528 3720 8997 4199 8626 4510 2617 5111
15 947 2121 396 9410 6897 4092 3602 2803 4371 6071 6557 1893 613 5157 1150
23 935 4990 1186 2599 1004 2846 4443 6326 2084 4798 1498 2542 2406 8476 145 3744 8457 2598 8385 7776 9384 4641 603
19 3534 3754 4566 2771 7474 8909 8687 9853 8136 2239 1382 6454 3822 3070 6979 4134 6943 5505 3569
13 9321 498 938 9879 6608 4278 8906 4340 9518 7905 3312 9749 6260
15 8620 4636 6245 4560 358 2778 6270 4025 964 4126 592 2182 7251 9069 6011
19 3685 5486 7513 1297 5375 2694 3888 9244 9582 9535 6183 2767 3179 7074 3383 2069 2307 6770 9794
19 5684 6062 161 5514 456 3130 1810 7351 8415 1657 253 6344 614 9659 738 246 4751 579 4374
13 4411 6622 3481 5612 4684 2895 8888 6723 5485 3378 8897 9243 4955
20 4352 7610 4345 8883 5052 7327 3331 2428 8969 3674 7919 2422 4408 8781 534 1683 5637 5127 8939 7166
5 2589 7227 5443 7751 4755
14 9160 1177 8659 5622 9400 5181 5156 2562 5488 8904 5550 898 78 1038
16 2717 8830 5730 3811 6925 2875 5372 96 4625 4436 8655 9905 9966 5325 6112 5647
19 1194 457 9376 9118 1746 6283 8987 8220 6636 8853 6646 1749 347 6773 8735 5215 9558 6931 7979
19 5689 9075 1436 847 6243 2766 3191 2753 7893 9855 7852 3217 2195 4688 2637 2819 2886 8941 966
16 5954 8820 6597 5008 4764 3 7987 1724 106 7939 4461 1289 4498 637 7991 1751
16 6745 8950 6197 2729 3117 2016 1320 1671 1520 2044 1413 2911 9468 6988 3265 5046
18 8188 4344 1524 9397 4232 4876 2837 5627 8643 5793 359 5951 4201 1214 6914 3959 9635 6624
15 1529 10 9828 3846 4026 9524 6506 3587 8117 8829 6147 7642 3238 1549 3617
14 499 8029 332 4385 4472 2607 3707 4086 3832 491 9174 3175 3641 3890
16 194 7296 6290 8750 7101 6829 5852 4299 2379 4290 3942 6301 3627 9808 7051 3819
16 582 382 8821 4101 8562 8928 6572 2744 345 6501 4669 3303 855 1720 4077 2868
14 7575 5530 4409 5303 7620 9588 9502 4997 5462 960 8180 5935 2858 6330
21 2470 2805 6808 4942 7418 7605 6681 4004 8651 4169 6852 8479 8589 9169 7032 163 1225 7855 2210 480 5149
17 7650 4029 2033 9884 9299 3428 7883 80 1975 238 470 9936 5322 983 8907 4750 5791
21 8326 2330 2228 596 2831 5522 7167 5220 4634 8416 5261 9320 1583 3509 2242 3548 4447 5098 471 1680 1242
17 6548 7682 6963 689 4044 9357 6953 2041 7542 7331 1265 3315 4468 8142 8110 710 3224
9 3578 3230 9708 4182 8095 4284 7295 8862 2816
11 9763 1058 9342 555 7544 2545 3106 8526 7828 2623 5410
14 4520 870 5452 7248 1556 7262 7538 2534 2046 7165 8197 5142 1788 9119
16 9449 7556 8081 7177 4263 3215 4809 6688 3100 6899 9814 4680 8202 1293 6934 8654
17 873 6116 7277 4289 5611 4899 3680 5925 6508 8041 6651 1925 416 5664 9203 9522 4197
15 4744 3699 7633 4395 3368 1477 8208 7324 6108 1618 4610 3434 756 1575 1552
16 1105 6669 2913 6081 2023 8544 9081 7421 8472 2088 4797 4904 5930 1974 5474 8905
16 6699 9026 6164 7098 283 2668 9275 4166 8317 9699 602 6941 8076 4236 2310 4156
18 9152 8539 1266 2504 214 3382 319 544 8074 5648 4609 8983 1059 1296 4567 7660 3408 5055
9 5983 7671 5772 4132 6876 1014 5233 8131 4383
19 5021 272 9804 2198 5101 1169 5706 7890 4571 2012 9047 1303 4967 6760 7131 6522 6288 7008 6434
16 5679 3278 5844 9441 9539 8258 8390 9788 9122 9516 9551 8313 1148 1354 8718 7371
16 4058 9810 3433 4135 8439 4655 1775 9001 7715 1231 9994 804 8320 1764 2133 182
15 2710 3905 997 2713 5042 8725 9456 1915 9862 1280 5657 4606 6351 5273 9922
4 8071 1706 4324 1691
19 688 6102 9709 4746 8665 237 6705 4535 1317 2290 8172 3896 1155 171 6335 1290 5435 6487 2824
21 5158 7014 8173 425 8855 4930 7587 7360 4613 6353 5763 2014 1754 5290 3234 2144 2073 5633 3115 3863 6944
16 3193 9392 821 2558 2780 151 5154 9933 2716 2825 2005 5058 7781 3505 2441 8884
16 2021 6563 2760 8316 4334 1854 9021 1548 294 4460 5604 9604 2752 6955 4203 4378
22 7579 2670 5976 991 2209 514 5921 6299 8841 6313 6341 6440 5104 5568 6411 9177 9427 3240 5607 7202 1677 5775
20 7143 9072 399 9130 5352 2611 1519 9825 7582 4487 2336 4463 1397 7144 3359 6999 7404 1288 5399 8980
3 306 5631 1558
15 9474 230 5981 6054 6043 9907 6957 5527 1117 413 258 2656 4977 8423 1731
16 2649 5394 8237 9649 8159 8293 839 1368 6861 7532 2266 3306 7932 4998 7408 9120
10 9658 4043 3805 895 6427 4465 2583 3098 5819 1410
11 5371 7153 5691 7786 1358 1270 7892 1400 8126 2785 5029
13 2857 7176 3292 6009 2461 4033 9163 9863 5338 8145 7644 4500 1216
17 622 2754 5658 1513 6620 4786 1423 5004 6511 5284 2127 4670 4267 2594 6748 2103 4338
20 4698 9886 8450 3319 9447 9460 4106 7547 7895 4934 7583 7336 5413 3280 6664 9773 5778 8089 2563 7441
24 6910 8189 8431 5050 8779 8763 1918 2306 3353 2500 777 2028 810 9248 2727 7084 783 2286 8392 6715 9517 8690 1360 4732
17 9436 2284 8550 6648 7260 7998 2387 4342 8318 5026 9741 8790 3529 652 3535 5339 8877
6 2412 7483 8354 5316 4069 9771
12 3537 1132 1509 9089 5605 2642 6486 7265 9293 9542 323 2615
14 1051 867 9939 5582 3213 3736 1590 2201 1073 5015 5355 9818 5683 746
13 4405 1023 6431 6949 2789 8729 312 7896 3943 4982 7100 1881 1202
12 3321 6755 5807 4306 9491 5526 6095 4581 2161 9343 1427 9967
19 5593 7630 624 3221 8312 7761 8360 5097 3166 4791 574 6175 9527 6592 4897 1312 7863 1156 204
2 9927 2029
16 8334 6567 5481 3963 4096 9422 4168 5580 5767 3604 4676 2347 4697 3032 9545 3402
18 209 8099 3307 2247 8624 8938 3750 6707 2380 9989 9841 6352 2779 7788 1074 5051 4311 5894
19 9462 3049 863 5292 6940 2398 2052 6094 6951 4508 9529 3355 8096 9767 3019 1906 7416 1892 7539
10 1037 8231 2700 7925 9155 7970 4172 8397 5395 7566
17 2777 1371 4920 8049 1679 4322 509 478 6998 5750 3405 4457 4402 8327 3128 2746 270
10 3647 2173 4582 330 6395 5641 243 4548 9048 8908
11 3358 9686 1554 5965 1049 9493 4976 6881 5673 2276 5575
17 137 5124 5858 8446 9237 8549 288 6100 2222 7850 3226 3977 1262 4316 7718 3880 49
24 8546 3216 4493 3842 6156 4098 878 2565 7689 4547 6372 4743 4254 9562 3290 6105 1398 8409 6388 9931 980 8002 1577 2273
15 7662 3731 7383 1977 9161 9426 9492 450 5796 6028 2683 5095 7402 5244 7
18 5317 742 8813 7498 3590 9634 2674 7155 7055 2699 2391 5980 1180 9898 7720 9005 4795 8874
20 636 643 3007 8917 8705 4259 8646 8428 591 4389 7754 8533 5 5469 7540 1487 6895 1987 1950 6890
6 9459 9231 609 2372 3335 7223
16 9229 1709 8576 4343 8673 1535 8051 4454 2915 3242 1036 16 5817 7311 8887 3349
18 2128 6155 3940 6387 6442 1996 2988 6336 2810 9647 4960 7944 9340 1096 18 2196 9661 4951
14 2431 3949 2662 9944 5802 4639 4480 9064 53 2369 8107 6460 6992 4936
17 1208 686 7403 7007 7564 4849 1651 8067 5129 6697 5075 9646 1497 9560 5551 8468 4047
17 7501 7546 4857 3114 8135 2756 9125 7018 6658 5681 1070 8500 386 834 6553 188 7767
12 4802 8995 4635 3682 8857 7942 9379 7218 2454 888 3871 8789
