32 7148 9038 8177 9755 4896 8053 158 1854 7054 8873 4446 8877 9979 911 2314 8390 3674 3073 5037 6326 9465 1722 8102 9205 4326 1576 5805 1446 7966 3633 6179 7134
22 8099 929 9907 3114 4799 8652 4723 7725 5268 4623 335 4162 1624 4725 827 8408 8690 6833 5725 6673 4708 4789
25 7822 687 1014 2573 3623 8439 4867 6470 9260 7370 5200 3941 2348 4438 4860 5103 4675 6751 4450 5196 4913 5374 2561 7460 1289
31 7833 7006 2332 5069 8919 979 4096 8831 9936 2917 5510 4363 8944 7037 7352 3975 3368 7586 4340 633 4043 3419 7208 5929 6239 5660 8002 2537 9423 8037 4037
29 666 280 3878 6928 8890 7742 319 6752 2233 9733 4921 4591 5106 954 3287 2445 2521 2460 9521 7669 4816 6089 2529 2905 459 2626 8712 6737 2494
24 577 3209 9498 2335 8566 9735 6686 5556 9437 2989 7942 9502 5848 9800 1392 8764 913 5623 2471 3542 737 7810 4532 4257
19 2182 4878 9640 4636 7375 4931 4856 868 9051 3795 3650 381 4894 8580 5893 765 5629 1975 7540
25 4065 5472 3462 8910 8834 6244 4809 9725 4388 5904 4844 798 9651 1046 3888 3343 398 8304 6957 562 4968 9503 442 2559 3985
32 8184 5889 6168 2535 2144 7721 682 6286 1897 7661 3379 301 8106 8512 9844 2424 7102 3672 4202 3337 2605 2773 7055 3066 1957 6447 3092 7371 1136 4767 1627 9346
42 6261 4634 6425 8366 7529 417 3324 2305 6374 8250 3443 971 3486 9762 6550 7468 6711 9921 6914 84 5442 3839 7157 6945 866 7893 234 5982 8757 2754 2997 7826 6297 4041 5544 3070 9450 8043 6506 4890 6647 2497
30 187 8039 1734 5077 9933 8324 1422 2930 7952 5435 8249 2937 6675 8040 1104 2100 9728 9334 4113 9276 7231 1058 9088 4253 8719 3165 2824 4319 6169 5845
25 625 8170 5895 4186 795 216 7392 2961 6385 753 7962 8560 7630 8429 6736 1400 8208 3093 7254 2210 2784 1509 2329 2386 8636
17 5673 4238 7922 2168 4286 6007 5446 1194 4435 4420 3801 5842 5003 3276 6126 3712 2894
35 3240 3592 5966 7979 9073 9115 4084 6551 9848 7317 8036 3420 1368 3176 4565 1935 3488 4637 6743 157 4862 9683 6494 8119 3231 6110 3967 6834 5381 6799 814 2505 3369 396 5092
35 1204 2916 6983 2664 5 8500 1004 6994 1767 1555 6015 8511 1723 5488 71 1483 580 1416 7626 9587 3142 967 2073 6391 1481 898 7998 9572 1254 7741 8228 1916 9015 3748 3232
18 5014 1554 6073 9961 1299 9186 1326 3813 353 8332 3393 7206 3125 1582 6733 4666 41 1298
35 8103 9538 9104 3312 3044 4777 2201 6753 8316 5403 452 223 1262 729 4776 982 9852 5484 2425 9046 7225 1075 6568 944 1208 6986 3438 2953 9576 2311 1486 9463 1540 8268 5273
37 2995 4951 6664 4239 9042 5171 7845 1236 93 4642 4193 9634 6531 5509 199 54 6954 2520 6646 3585 7844 4148 3370 379 4492 6469 1335 7391 4485 3706 3510 1626 1937 4552 8290 4866 7348
32 4467 7937 994 612 1067 3316 3306 571 3851 2429 9395 4938 2552 1668 9029 7958 1920 4328 9674 2806 4498 5708 4899 136 7659 1997 5158 6916 3274 1105 7908 5738
32 7320 9155 2381 4501 6319 3630 4169 2350 3703 5368 1243 1012 9457 4370 9818 7753 4906 8807 6696 8491 3252 5271 3509 4362 6659 2046 8749 2567 5548 3106 6598 3517
38 9145 9351 2586 256 487 968 2906 2013 7773 7751 4724 902 8458 1427 7415 8224 5192 8191 6763 8591 4092 5073 99 4756 183 2312 1084 6641 3413 1031 464 7616 5391 4224 340 2291 2969 3436
23 2698 8850 7020 2353 9665 6437 5105 718 5828 6298 1936 3401 5356 112 5464 4670 5421 622 9657 6661 692 9765 788
31 3153 5467 9568 6864 9385 9273 4126 9974 2519 6731 7028 3984 8322 5502 546 6651 529 1176 9935 6075 1013 744 2164 8419 201 9013 2421 4961 624 5513 4771
33 9159 1187 626 3460 5156 1250 5210 2794 8154 5146 5976 7284 2877 6601 2632 5972 5727 6726 6628 8804 4372 1970 4972 3397 7686 1086 3112 6654 453 5918 5698 9838 6301
35 3968 1568 4166 5528 7384 273 6794 590 1222 8920 9939 9660 5900 4638 7209 8862 4316 2780 2903 2032 5270 3576 7428 7168 4709 1687 8451 4790 5232 2264 2616 696 1268 5690 7649
19 3831 1415 7096 7380 4535 3225 3439 5911 135 2463 2287 2888 2159 2284 9903 6201 5231 2268 5779
19 4616 7030 3560 8833 7777 7927 2286 5404 3034 9232 2315 5013 5389 8367 7301 7019 9347 7424 447
38 7653 2652 6668 6347 1037 9224 8950 8936 3610 1282 3847 8840 7024 3481 9363 1000 7188 5281 5438 2675 8135 4378 9103 1224 3222 705 4464 8021 2356 9849 8045 2250 1279 415 4895 3030 265 9770
27 5354 3701 1275 4710 309 4694 8646 2281 6847 8988 865 6719 5048 9552 4669 9528 8571 1561 7434 2619 808 44 2448 5507 1484 9431 6246
35 9053 8299 4671 4989 4568 130 3620 6816 5138 5875 8914 3234 6893 1436 5600 5664 9763 7146 5775 131 3409 5174 1231 6691 3365 6855 6254 2079 8393 7289 6011 860 5789 3472 5193
34 2603 13 1691 7894 2506 5680 6520 1373 2642 9350 5277 9375 9482 6814 6025 2082 3894 713 8688 1272 5040 6724 7578 5060 5335 4208 3523 4150 1287 4936 5729 341 1185 7010
22 5046 9695 3682 1448 1659 1913 7338 243 2799 2539 6581 8639 5695 8674 4854 8570 1902 9034 547 8412 7747 2338
29 8372 3247 6623 6459 1123 4639 4323 7960 2562 7765 615 7407 6318 359 1418 8675 6343 4924 3485 7051 2641 1041 7987 9637 9124 3459 426 2902 7264
31 3709 8404 281 665 432 5423 6767 2167 4190 7835 3603 5083 2316 7620 3807 5027 2869 9400 2821 7081 762 2941 8303 7685 6081 1155 1812 7156 7934 3913 9154
18 701 3169 9352 8193 4175 9238 2266 4889 258 7271 1611 9156 5431 7780 142 1281 8314 6614
31 526 6257 4236 9747 5942 3005 1390 1217 4298 3429 8182 1189 4383 5766 4825 9464 7058 5104 8667 595 7093 6140 4668 2880 9536 3081 7280 5543 3403 8479 7690
27 820 8432 8143 4607 4278 7526 3156 4679 4201 9780 3174 7989 1701 4477 3662 3971 6725 6199 8071 5735 4210 3045 2170 7726 9094 6065 3082
36 6424 2996 1512 702 8625 6509 7232 5783 1689 4356 2303 4691 569 7873 3310 9158 3893 8814 9668 7778 5447 2113 5617 3822 3000 8612 5788 7451 7224 2392 18 7306 3208 8409 6149 2288
36 1577 5955 8835 2365 7969 3763 4529 9817 8681 4221 1302 841 1360 8214 6773 249 922 2342 4072 3567 9295 2792 9266 8444 1026 7444 5011 5300 1546 9291 8110 9912 390 3758 6189 8715
36 9475 9111 7229 7574 6959 6258 3707 5144 908 4307 3741 3170 5887 1797 5508 8628 5412 7432 3054 7012 6644 6768 226 9626 5283 5143 1362 7562 2655 2072 4042 5459 7166 8298 6650 8816
25 3440 8246 9913 5298 9407 8793 5821 9178 4281 9412 5249 2292 5841 7710 3761 9663 2621 8985 4681 4490 4702 5491 4832 7608 2518
32 8220 558 8730 2496 5545 3518 5460 768 1996 3335 4396 5578 8284 4100 7056 8963 213 7044 2324 981 3939 7585 7262 8656 2934 7480 4510 5667 1678 1522 6061 9138
34 5703 5557 4543 8678 7481 3050 919 7865 5323 7880 1541 3215 2947 5597 5533 5395 4511 6228 2300 8221 7500 8259 9896 3550 9142 5321 349 3111 9865 7705 2054 5285 8105 6787
27 156 3387 416 8884 2391 2574 2919 5238 4822 4428 2686 3495 3389 9928 3414 3395 6107 5888 2102 1718 4664 4271 9041 8731 7772 2783 6441
33 6507 3756 4808 3380 2218 5916 7489 2674 22 7671 9056 5309 1747 9118 8255 9707 7681 1828 8534 1780 490 2045 1696 2461 9225 3224 3848 3588 7617 2441 2585 2504 7207
22 9960 8207 5195 6003 9984 4001 3724 4229 3546 3454 9501 5330 4471 8276 1763 905 631 8212 6259 6477 2177 6704
30 8644 1271 2037 5117 5744 7691 2409 5512 4079 3637 3315 8616 2017 7588 4845 5076 6512 3046 2602 3372 1065 9319 7954 1782 8940 6761 6637 2814 4965 6511
23 9049 9742 8654 5796 5301 3989 5350 8562 7596 6182 2682 6873 1457 6653 9471 6307 6420 8823 990 1295 7885 1551 2719
30 2758 3611 4983 6622 9546 3100 5749 2062 5694 9002 7431 7013 8498 2231 6689 244 763 3749 4755 7204 9945 2597 3084 2383 2393 5633 9786 1954 1793 7364
26 8315 554 8052 5566 5086 5525 745 7768 1895 7784 8573 3435 1642 2010 5519 2309 2690 9269 6355 7619 9181 4741 6784 3289 4419 3107
18 6340 276 9980 8651 5850 2542 1082 4898 7811 4081 1853 505 6249 7357 6219 6840 4287 7414
33 3632 6931 3921 7351 4715 289 6411 7878 4134 8235 1871 5100 6574 3392 4266 9365 2056 664 3657 5622 56 1073 3621 1605 7594 4403 5589 1108 3614 9113 3404 2879 4644
27 8502 8128 9361 3322 5585 2126 3411 2673 150 5304 7076 924 270 7499 9469 17 7624 4649 4876 1984 1949 542 6848 7490 6577 9064 3386
28 3873 4662 5910 690 6236 59 5329 9497 4601 2730 838 367 4555 6466 9509 6964 7956 2831 8173 4462 8433 3141 3842 6920 9023 6883 7903 6480
32 6808 8653 9685 9268 7176 7513 4387 7597 1872 532 4988 1880 9249 3449 2428 5477 8129 3799 6850 7366 8181 1843 6801 4012 3426 6141 486 5593 8060 1255 6561 124
32 5777 23 328 1779 3264 8261 4834 2106 2644 5784 9310 2457 4292 7925 3194 3121 6728 8426 5220 8475 4955 6965 8271 2361 579 3469 3483 8576 127 8953 9152 6952
36 6042 8595 4060 1842 477 3536 3667 9107 943 871 8894 1158 1618 3220 210 6220 1736 4522 2407 2839 8233 7632 46 5656 5933 8951 7658 6541 5764 9759 7164 480 8880 8986 5029 8392
37 9764 839 16 837 3716 9773 7239 3297 5424 3934 6553 3865 4110 2055 1256 3817 6456 1319 1044 1847 863 512 9564 7836 7217 4070 104 7904 757 37 4196 5344 7856 4237 4881 9404 2084
21 1109 8134 1197 43 1127 6523 4888 9703 6378 7035 4570 4836 6054 5625 5364 7461 6534 6012 5471 3645 3305
24 5588 4804 7175 7694 2221 2608 9753 4205 8874 4431 7830 2080 3974 9923 6670 7750 912 9512 5089 5560 5795 1184 711 3767
26 660 2713 528 1100 6382 4195 9096 7637 8564 204 4062 2763 7941 1321 1721 559 2979 7737 6288 7350 458 4283 4267 2991 4360 7456
30 7136 1466 90 1035 9820 7689 3866 5542 7202 3785 9654 178 6414 7238 3677 938 5627 6962 6734 9566 8069 9715 1646 50 7897 6415 7089 8743 5050 8009
32 5057 773 7708 8592 5675 896 2135 4628 8257 308 5639 4025 1120 7767 4168 6976 4603 4813 5652 7437 9487 9567 9316 495 3915 346 4569 634 9320 3668 7533 6207
16 4182 6640 2512 250 1304 391 9893 4054 2344 6196 1500 8987 1607 4135 4235 6730
25 4077 6778 7798 2051 9708 5499 6128 6764 8004 2009 636 8686 7005 568 9011 100 7041 7971 8467 298 5719 7523 7396 516 5950
28 6229 2163 548 928 5310 7151 593 1093 675 2489 4575 1526 300 4748 3920 388 6958 2974 7571 1922 2199 9977 8203 1682 1981 5685 7789 825
22 7427 182 5914 9956 60 5308 6255 6580 5670 3018 8369 9089 9222 6878 5135 1494 7053 812 8380 7440 2848 4940
29 4830 5865 2524 2058 8569 4545 1370 9127 2370 5830 2984 1452 7167 9757 3371 6087 179 3787 8923 4409 5657 4416 3547 3959 321 8771 2213 3554 6576
46 327 4960 1641 2711 5113 5462 9797 6237 5868 1042 5619 6036 3745 5084 8993 4864 2595 2924 1908 1650 9792 2534 3514 7853 9325 9169 471 4534 6083 5034 6896 6700 1987 4651 3577 3729 2095 4615 8935 9613 9164 2380 2493 9109 900 2451
34 3636 552 2205 5116 7147 1131 9223 9183 794 1810 1081 2522 2050 933 1933 1056 5716 5191 3437 6565 2695 8217 1950 2929 3097 5814 3309 9364 8706 2990 5430 2357 6542 1367
27 5325 8121 4458 873 408 7944 2536 5802 110 3506 3548 3314 585 6048 1117 7848 4618 342 9234 118 146 5981 2115 192 5650 1801 7921
31 2146 4494 1330 5387 9836 215 6452 7866 6738 1485 9220 7614 7334 6098 7321 1461 5114 3961 7622 7476 1903 9085 5111 2240 3752 2269 6377 2273 6830 3808 6491
24 2139 3216 5245 6093 1994 8581 3037 4163 9500 5420 3055 3705 1451 4312 5730 2658 2411 8396 7302 293 4613 8556 6713 2582
29 138 6200 7864 404 7723 9165 7607 7896 2435 9554 8627 7243 5441 3849 9261 844 920 96 5790 4051 6946 5636 2172 8427 9433 1112 6311 1212 8909
25 6392 3643 3476 663 7728 8417 2433 437 1307 5352 877 9344 1819 635 6334 1654 8056 8086 8091 8531 9539 5946 7647 262 8225
25 3236 9166 6294 2599 2293 4250 6125 5315 6084 1849 648 292 6749 9483 5642 4321 3718 6349 7535 6642 2089 6579 5017 31 5178
32 9168 1424 5041 3333 6284 7296 2846 7472 3791 9906 8826 2657 1968 1830 8087 834 2173 7027 2592 3466 5754 8664 9399 5016 4138 5586 7246 8585 7850 9782 5723 2423
29 5634 482 8568 2069 9304 6030 9777 2439 8620 6218 8483 2646 872 2998 9458 8578 4693 414 7189 2988 1252 5099 6031 8633 4850 5538 8893 3816 6164
34 9670 1959 5944 7439 8503 9408 1429 4252 8634 1750 6369 3912 8211 5659 7816 1069 1742 4918 3108 4230 4934 2111 4305 6863 807 4206 1162 2856 823 9074 4384 5621 1503 6625
19 389 8090 1387 7496 6155 6504 1174 2983 9658 7190 7032 3563 2852 133 2800 7656 3805 1077 9577
24 9151 6845 726 271 6677 3573 9854 2083 7847 7039 2116 9370 7118 8761 9021 8900 6020 7874 5824 4531 5032 9293 7697 3159
37 2851 1769 1130 7695 1670 1205 7177 1165 8756 8790 9172 9954 7045 3229 7727 3631 6849 7877 9845 3028 6706 2753 9659 2128 6120 6468 707 7274 8905 4155 4907 818 8197 3663 1739 8879 2480
25 9445 1060 6234 9356 6057 9495 2064 8974 3565 161 1460 2900 7663 1906 4493 5047 1569 4536 3053 4336 7746 8164 2556 5988 7652
35 2209 4349 8740 6970 4227 1969 9504 1542 9477 2738 4524 4247 6344 8466 8677 997 4402 8864 1719 6439 3886 8401 64 4191 8866 355 5977 6529 7814 6536 8014 9633 7090 5736 1651
41 7138 1808 2795 8415 598 4009 4408 5883 970 7065 9126 1852 2547 9087 4564 6585 709 5367 673 5504 9876 5026 8960 1403 4847 2272 7634 4491 9298 7862 5221 5140 826 2328 1209 3601 4274 8070 7474 4923 8696
27 3233 9992 1113 7648 8540 2768 4076 6099 7304 1233 2891 6085 9068 4448 7075 5479 5958 8186 4686 6070 932 8032 5294 9916 5257 6264 9354
22 8033 3782 9441 5537 7516 4050 3513 3544 7462 5169 6544 1866 4027 2453 9897 4912 4449 7644 796 5473 8670 63
21 4922 4807 7358 8120 7279 1220 2748 1735 1549 3330 2656 3771 9448 4839 9525 2229 272 6467 3468 1665 7341
26 8946 2890 8049 627 684 8046 9133 4325 9317 4761 2251 3884 2488 6043 1343 4563 1497 1454 2093 9863 6068 6776 4791 8216 9882 9418
32 2717 5798 9366 7183 1926 5705 2053 4795 402 7405 9499 7135 9281 2052 9809 2859 3321 5072 2225 3641 7438 3329 6589 853 8342 5575 3940 2523 769 1533 3876 6906
28 493 7720 498 170 9621 8445 605 7259 2782 9943 1759 70 986 8142 8601 669 3400 5927 5194 6913 6194 712 3374 8510 2533 6932 8918 6974
27 7678 544 3746 6000 8072 8992 1009 190 3158 4665 7706 9043 3441 5737 2593 101 8843 438 8252 2883 6431 4228 2776 2907 9731 2781 531
33 4768 9037 8781 5031 8701 2569 2609 4377 2194 5969 409 4588 5133 3850 4726 2808 2121 7363 4240 8116 3824 1656 4513 6870 8806 3206 6316 2796 1474 5161 6955 7722 7326
22 6557 8983 3099 2384 6556 5580 3871 1007 3508 8505 2020 1972 8384 5541 955 3638 9614 4663 3338 4121 8527 8631
25 3860 314 2469 8273 2101 2258 2334 3430 4542 9976 9092 7001 2508 494 6476 8817 2676 1755 366 7666 5276 6496 6969 3504 6090
24 152 3856 7011 3694 8063 504 8368 7910 5439 7629 4241 9835 7645 5689 7740 8422 3916 7211 1202 607 9523 1601 7843 845
27 1599 9360 7475 5794 2876 1505 9629 9147 541 1944 3262 5440 1444 9750 2033 5230 9716 4146 4118 8795 2816 3230 3823 8243 8802 889 1015
32 7674 4796 4701 6765 8118 1278 7621 9909 6866 3480 2477 2538 6800 1214 7340 5720 2464 4902 3193 8643 7373 1729 1455 9259 3676 614 2566 8363 1800 1404 7631 5418
22 78 8286 7109 780 7842 9571 3465 9990 9006 8123 4833 5647 6882 2577 1952 2972 3792 2486 5576 7139 4518 5240
31 3827 4751 5881 6150 4573 6105 5596 3803 9619 1028 974 7213 5290 5974 3730 2817 9381 9823 9513 354 6232 5458 4711 2932 8676 9605 5558 6260 3450 9679 5486
32 9435 6021 2855 3679 4311 5713 4282 1149 4004 1602 7268 3035 6780 6063 7233 8200 3740 325 7127 3245 6165 7293 8998 6517 8632 5599 8535 5569 7861 5897 8351 819
26 3448 3877 7946 2263 1745 879 2992 1414 4478 8042 3846 6115 4410 4602 8759 1511 5287 3359 3408 6839 6645 2612 7734 3946 6038 2994
25 2038 1831 4259 4503 6482 6275 6280 4758 266 3675 8008 9964 2262 603 815 1613 6400 6526 742 8064 5145 7905 8836 9579 4556
35 6570 9858 7781 6578 4214 7986 8162 1430 8381 8924 9795 7483 4885 1694 4519 4376 7288 9177 1114 5806 440 5733 7963 8 7627 5363 5992 8789 441 9082 4479 8305 5717 9768 7887
32 4303 4392 9942 1442 4476 9963 9302 3783 9533 8486 9883 7062 6238 8605 5451 2973 245 9430 5731 5880 8171 1246 1426 8397 3862 9176 8811 859 1705 4811 7435 4058
28 2874 7543 7974 5682 164 6389 9880 7670 8917 1548 9664 8659 6809 7043 48 7172 4549 9630 7808 2702 2362 9379 1311 6499 1181 6358 7817 8548
25 2847 3972 2048 4784 6322 6566 6703 3556 8649 4774 8752 1358 9598 8758 6604 9028 3874 5316 4783 2257 6002 9642 2737 8945 4418
26 3258 6493 4400 2212 7891 7227 5274 7869 6989 7355 8248 5782 1914 9617 4496 4738 3754 4842 5468 3052 5649 6293 4827 9544 7049 722
32 7662 2191 3119 8927 2858 9669 1025 1787 8970 2853 6473 8493 8309 7036 7935 3147 6010 5761 337 2185 9323 3571 8199 1043 6372 921 963 6593 7524 3909 8484 7854
25 1425 4660 3698 291 6868 8442 365 9324 2629 1172 9769 2551 2171 9588 2945 8034 8947 6023 1078 1978 3943 1543 3311 4352 282
27 1572 8545 9202 6032 5456 7992 3122 3997 6919 1121 2178 2548 3094 4161 4551 7700 6621 7143 8856 329 828 2376 6818 9030 518 9556 582
37 9738 2414 8710 8130 9627 53 8798 2908 3558 8398 576 5028 1622 7267 2076 1698 198 3942 2549 5646 3599 2341 5567 716 6417 3248 1180 3624 8474 5341 3995 8788 7121 8750 5844 3080 1596
31 6933 5524 5837 1807 1036 2244 2394 8320 7299 3326 7660 9949 5293 5045 9593 8666 1530 9424 4727 7994 4911 9846 410 4463 1277 7868 4407 9003 2594 6843 9837
29 6603 94 5206 7244 8613 9625 7412 1865 8005 8638 4158 7122 2184 5162 1829 95 3574 7570 4787 7783 1703 8888 8323 2812 3938 1762 7107 8353 4014
27 4611 9814 8125 3618 9416 610 8178 8488 1167 8541 734 3228 1045 584 2761 7702 4421 1858 9171 1945 8557 5319 1958 9767 6320 6390 1508
27 4189 4574 2604 4006 5855 5400 8697 8293 8494 1258 2068 4440 4002 855 1352 7493 3790 8703 2277 9146 5088 8648 9143 9698 8501 7654 4275
28 2198 1196 502 6961 1462 7679 8285 771 6747 1354 3683 5405 567 6665 339 1905 3211 4970 2700 4879 867 8280 5449 2978 1361 9398 3161 7688
28 9543 3929 7984 7752 653 4887 8375 7393 5861 7291 4243 778 5905 1553 4207 6617 1973 8839 9532 1324 5792 7972 1798 6798 8024 9188 6279 7021
20 4764 2793 7383 9851 9270 1680 5292 2790 9 86 3814 8313 3263 8048 8929 749 5609 8784 9410 6172
31 9888 3452 8205 9236 8624 8277 7668 3917 7117 4630 5343 4262 4914 1085 430 58 2845 4365 9712 5394 6967 9516 129 5172 708 1375 1237 497 3719 5361 5885
34 934 2765 8447 8851 1139 2963 9751 8663 3049 679 499 689 3402 3515 907 9303 3251 5956 3418 7932 5422 463 1510 151 5995 5437 1731 2618 2844 7223 946 4111 3071 419
36 3042 2830 9727 1365 61 6292 941 5742 6744 530 7703 2735 4657 1695 9434 3382 1856 2369 2193 9209 9553 3325 5750 1940 7497 160 3578 6103 121 12 4600 5859 6235 6546 9799 6014
30 3016 8948 2649 2145 5082 3731 4069 1770 6212 3166 8330 4930 2165 6147 5924 1050 4596 3088 6900 6270 9472 3002 7360 1337 7386 4592 836 5007 8194 9307
30 1813 49 2003 5612 3755 9394 8506 7993 5434 4272 5793 3356 3622 428 8650 3963 8837 6124 8082 4016 7657 9486 3838 7583 8770 451 4268 283 511 4901
32 3039 7584 2636 3832 4067 7191 1080 6554 4788 3625 9393 6331 5879 1290 8661 5874 2704 5943 6111 8867 3109 4133 8098 8809 6290 5776 2454 4984 843 3279 5836 4188
26 9392 6197 5160 9246 3772 5740 9606 9384 4739 8933 2232 1083 8147 4212 858 6539 6789 9807 5684 7567 6981 9878 9476 4437 6947 7315
28 6671 5984 1751 7219 3992 2024 5201 6361 6562 8150 886 1166 310 9007 8435 1662 8550 9426 1748 1992 1356 9132 6080 2729 4369 9962 5712 2157
25 306 7031 9150 7957 9229 883 1411 4174 525 4290 2495 7696 214 2226 211 4654 5980 3089 454 8160 4038 4291 2481 3188 7215
23 5919 1556 3950 1644 1604 2622 7201 4003 7419 9760 4028 9116 2540 7558 5631 5043 8138 2871 3223 4810 6397 7470 6587
19 8561 377 9957 3867 9382 704 185 4550 3532 5189 7071 5611 4546 6208 4731 4626 7505 9829 2623
35 2805 3288 7539 9243 9470 2756 421 5102 4030 489 939 2410 685 8680 8391 1168 9871 7429 318 9297 4143 8608 3077 9541 4744 6903 4848 2340 2302 7923 7788 2544 2099 3444 1177
28 3883 993 846 8017 5516 3898 4716 2591 5218 6535 7330 1516 6454 5834 8538 604 8614 424 1803 260 137 7600 2884 3041 1027 7066 1990 9558
36 9180 9157 5721 7581 2430 2147 5478 6446 9675 9531 9067 8296 6386 6457 1885 9326 8031 2034 1743 1291 2628 2222 9550 9374 3478 7602 9221 8522 2094 4412 3421 1672 1350 6656 9969 6091
37 9584 7458 8949 5940 5416 5126 6309 9059 6944 5407 9970 6999 4344 2416 8915 6772 9024 7159 8029 2181 840 5853 4991 7504 9519 2196 1129 4505 6907 6533 4346 574 3138 1323 1001 7806 1637
30 746 7760 3551 5934 4455 4192 5693 6112 107 4444 1118 6185 4379 109 3616 4538 5755 1625 8161 3140 2875 5709 1874 6838 6532 3197 3083 5591 3529 7820
29 2563 6610 5197 5898 2570 1421 1907 9242 5188 209 1707 5059 1708 1799 76 6272 7130 8490 9197 9140 1789 8379 2898 3789 9210 1378 3457 2467 4594
22 333 1608 4152 7185 7061 9406 3299 9798 4140 2276 600 8148 2216 8425 1450 176 1827 8174 651 730 6074 6596
34 1579 8453 862 8504 2954 8356 3781 9816 7144 2138 3604 363 392 564 8278 4218 5947 2006 3301 2889 4865 5267 6549 3296 5264 7465 2694 4959 2721 6356 4820 2400 2249 9873
30 2150 6956 4246 8386 7421 4436 3557 9590 6793 5700 8013 7000 6434 8231 8446 1453 1383 2432 5001 6045 2402 9711 3725 6723 9950 2427 4020 2308 7801 362
27 5254 395 1468 1816 1407 1024 6516 9721 7327 4452 2028 9247 140 1128 5093 2741 4656 444 4604 7372 1534 3257 1841 3687 77 8640 4685
29 3117 7643 9850 5209 1178 1985 9540 7467 8718 4145 3254 7345 8552 5306 9217 3026 7069 6302 646 4861 3012 725 206 5785 880 7052 9208 6305 9982
26 1048 4797 3534 7552 8547 1124 8237 5748 1259 5366 9993 6813 9455 8942 8175 7546 3013 5061 5891 2443 3351 3355 1369 2985 3059 1648
24 4119 3198 7235 8073 9787 3291 1238 2207 4857 7802 8558 9490 3010 32 1439 1640 2131 7479 3736 4008 9805 5870 2678 3399
35 654 5535 8406 457 2933 6910 9484 5797 9329 1784 4083 431 4497 7672 2647 1292 3889 2130 386 9981 7943 6555 469 5452 6501 113 7119 2422 3760 3653 1638 4775 9827 8465 1766
22 4801 5965 4966 3696 3118 2176 1011 9035 1402 1459 3317 4851 9122 5485 5236 8729 1663 1580 8660 1615 368 3872
33 2921 6096 957 6980 4066 8870 3903 5128 2614 338 6746 4730 4969 8553 5757 3784 8976 6175 6438 8999 8158 6695 4439 6984 7113 8179 8818 5615 2627 7951 6271 1399 2217
27 9925 2202 4769 6278 2838 2531 5278 2061 6609 3484 4689 5854 628 1598 7763 8139 2227 9779 776 3115 3521 6619 8516 3148 6435 8132 75
22 175 1925 8969 5134 1210 2295 456 4048 8294 9287 4090 6502 761 3307 4484 485 3649 2275 7553 2456 2007 2436
30 8097 2156 4949 9646 9811 1380 3881 956 3887 4736 400 8939 4749 3806 3271 7018 7033 7378 7673 7889 1273 9341 9744 8830 2881 2516 6960 5851 1778 6051
27 1817 3302 7253 4 1923 1055 6676 2313 5769 790 1564 8938 7344 9595 3978 4125 2200 5957 6314 9468 6040 8736 2067 8744 3901 6865 4539
29 3060 5383 3471 3519 9804 9966 1776 8594 3019 2136 926 5090 1423 1226 7423 5803 382 8362 4424 9264 8331 2208 2180 8521 7376 253 9474 5470 1911
30 5455 3051 5153 8841 1049 6421 7408 2322 1620 1269 413 3892 1988 3926 9060 2151 6521 1195 1336 9530 4987 9965 1513 2336 8685 2214 2904 3829 9510 519
33 207 7606 1364 5127 3442 9241 5522 8913 9272 5781 2651 2948 6510 1102 4598 8787 6451 6861 4106 4752 2473 279 5871 8428 1443 6569 4411 6308 2999 3467 824 6804 5255
25 2772 5500 9288 1491 7394 8865 2868 4692 7876 715 7377 4136 3416 3360 3136 6291 1667 6376 6396 2723 8739 9924 5526 1345 7555
29 1788 5532 9175 3323 1257 3654 9545 6460 9216 6612 6908 1029 4276 9673 7200 5239 6649 5554 4719 2458 9926 9684 1107 9819 5882 65 7123 5991 2980
34 42 3075 7511 2554 3855 6563 7016 6341 1322 7541 6750 8206 3742 6707 7531 8115 4713 6345 2970 7909 2564 5186 6064 1159 3966 2575 2282 5521 344 7050 5960 3826 6133 3570
27 8078 1038 8297 8778 906 5724 4104 3267 1342 9975 6097 560 686 9228 6143 6100 8860 7733 6905 1265 9239 6004 3133 787 4707 8898 8799
29 9581 3511 27 2640 5598 7625 1588 2154 8572 6419 1253 356 8213 9072 9309 9010 4578 7859 4258 1840 1006 5094 6071 876 3996 2712 8959 8619 7774
33 9328 7216 910 6416 1520 3811 678 8991 3479 9182 3185 7580 6037 4941 2946 6213 6508 2893 6380 4232 6204 7248 5139 5164 4024 1372 7128 1765 9542 8682 5635 655 1864
23 3353 9054 9756 8586 1675 5005 7436 9467 3487 4040 1309 4375 861 1552 9066 3773 8825 7548 1529 1586 556 7839 4678
35 2368 7855 6497 2971 2841 4587 3346 899 760 8517 2511 6263 4728 5291 5347 5332 4925 1458 3692 8610 6119 3376 481 5799 3690 154 2074 9301 7074 4884 4995 8792 1928 5033 7492
25 2849 6891 2864 7724 5263 6313 2242 7111 230 1545 7473 2040 55 4343 8279 8587 4225 9275 114 9004 894 9894 6842 4635 411
20 9191 8400 350 2359 2247 2280 4127 8842 3944 6418 2245 5393 4399 4159 3933 1859 1974 6782 6408 2779
29 8980 2517 2583 6595 1860 5448 5990 81 4566 4874 3388 7815 403 3700 6591 2484 7210 2333 8016 9693 7170 3497 7092 6560 6769 8100 1875 6173 2149
37 2223 352 2140 7161 1863 7323 1260 7286 7870 8897 7561 5302 8274 7257 8815 3246 1879 5606 8095 2224 507 9709 6939 1806 8525 2023 8735 786 8326 8647 2491 105 8979 6495 951 8443 8265
27 8598 5262 188 6718 4567 3905 4264 3908 1349 5894 6337 4779 6837 4838 461 8107 4086 9946 4939 5762 6886 4624 695 5536 5678 9866 8932
24 8854 7115 69 4677 1133 6616 4472 1306 9149 3277 2382 7792 5820 8283 1567 7410 976 6373 181 1227 7677 8011 7805 2103
24 962 5595 2557 4803 9632 5654 8001 7038 9910 6471 4417 8378 6492 4648 7582 8312 5743 8772 2638 9934 5937 9774 1099 2507
28 3628 6475 4217 3954 5182 813 4828 9461 848 5906 9689 6742 4786 6247 9026 2764 520 6241 4608 4798 616 7731 637 4422 8539 869 7756 6422
25 1660 8934 1192 1809 4697 2710 7680 3167 7610 1126 6006 361 7514 3319 1584 524 5605 3935 9639 7411 6136 1634 1727 2530 6835
34 6543 2152 9075 1737 7430 8266 5167 200 6329 8055 7091 6997 1524 8455 2842 7682 1391 6104 299 3184 6853 3732 6067 3980 5190 186 25 2104 7991 427 7968 9358 8180 3048
17 5370 698 5237 35 2745 5253 2788 9308 8499 2355 3415 2660 7083 4142 7477 2938 2189
30 523 8513 3524 4123 2166 9456 5010 9078 1242 1683 7824 8347 4132 917 904 8333 5614 1286 9473 488 7420 7389 1318 6911 1266 9778 5970 6626 1946 5707
27 2086 9417 357 2339 6027 5296 8876 1883 1749 3507 5752 1894 2187 9387 6050 8420 1684 591 8822 1384 4971 6455 4209 5445 892 4345 85
28 2330 736 3735 294 2375 3647 358 323 8131 2887 8855 3584 1223 6426 6362 5899 4812 9911 6144 3154 6317 4631 1316 4197 8187 9555 6806 9784
28 1999 4473 8364 7871 1410 8765 4530 1151 2797 4533 7838 3819 4371 8882 7795 2951 5810 1623 7447 1463 4772 2669 8287 4176 7618 4973 4580 9650
25 7277 445 596 5941 3987 5436 3804 5401 789 4579 5311 9655 4599 2944 9796 2872 4149 7070 7821 1501 2987 1786 806 2041 8092
28 1942 7309 4327 8083 1267 8584 589 7087 7981 7163 8794 6252 2237 5662 5246 9641 3549 7325 4220 7920 6158 6694 809 587 2850 5227 8753 5921
31 586 9340 6227 7918 8227 8885 4165 167 5457 4527 5119 168 2122 4869 8604 5840 4011 9830 5248 6760 9706 2662 9137 1157 6109 6101 821 2667 1396 1473 973
30 5266 9282 4581 811 9591 7026 9967 2775 8281 7078 597 4095 2011 7983 7282 1097 8883 611 3047 241 1366 5179 7967 2197 6339 2915 6269 6732 2155 1363
32 1711 286 5555 2399 2049 7381 2770 8673 1603 8215 8967 2124 1490 1063 6134 4814 2447 4453 1216 7646 3964 8059 1982 543 6602 7595 6251 5809 617 3366 5204 4977
37 9601 8085 6597 7787 8399 5129 8906 3845 8108 555 5079 975 8848 925 3320 7536 4153 642 5428 683 1103 2739 5540 7898 7365 8321 5357 9162 6777 4333 4859 1628 5101 8555 7521 8589 2668
26 1824 5583 6117 8937 930 4089 7916 8760 5983 2426 9057 9278 6433 1057 8519 829 4285 9843 7034 8169 3214 2959 2123 6371 2786 5644
31 5130 2005 1976 4560 3391 1229 6167 9781 3678 6138 8755 8352 1091 2645 153 9214 8461 5989 9144 7333 5414 4029 3022 752 2896 9277 2478 2942 5054 2807 4963
32 6430 6245 4996 9699 8464 6445 3347 7605 6395 1132 1207 1419 5327 4284 9411 8254 1142 7124 1571 297 9262 1845 9083 348 5518 4255 1728 9705 8244 103 8596 202
29 3363 3665 5503 3919 82 9874 6572 7651 7771 67 510 9081 5993 3646 7310 8288 1156 774 6525 9048 4173 7197 754 9134 1550 9349 7270 5044 6413
31 8786 9520 4718 1740 6779 9585 5303 4395 8000 1839 2832 5071 257 4612 4985 7739 3152 1673 7829 1523 6195 7241 7716 5141 3613 8192 3527 4981 2911 937 503
23 8166 40 2526 6844 311 5862 5036 1630 1887 1645 3261 9944 3969 728 7469 1331 8672 7192 7478 9573 7178 9343 7417
32 9413 8669 4433 8481 5207 6351 9752 785 6379 674 7316 4559 991 6191 8813 6206 2014 8066 8436 965 278 958 830 3378 1334 5902 9377 2751 5110 1939 6524 3021
21 5241 5751 7575 7715 147 4672 4489 1371 8334 7265 2714 222 148 7255 4036 2261 467 9161 2952 9802 4659
33 6056 7914 1312 7698 1175 5148 6242 8462 7203 7110 6874 8528 194 2320 594 6552 1147 7953 4109 9734 6963 2133 3007 6458 5961 1019 5677 2211 8895 7938 4605 2659 1154
31 8725 7256 3149 6973 3164 4313 6160 4652 8253 5998 6018 5450 8871 2060 6180 5199 5419 7961 2259 246 1357 7182 9331 1005 9342 6867 501 5953 6135 7917 2107
25 3249 1896 2472 7890 2815 721 9915 4394 6615 6296 5687 8222 5024 6735 4943 6432 6353 4261 8524 3358 9623 7517 3218 3381 3422
25 6885 2766 1704 3659 7295 6348 6262 5867 5739 290 4334 5550 1034 2724 6403 5212 9901 7547 3087 351 2109 1714 2828 9071 7194
25 8995 5939 9190 1657 5235 5384 1228 7766 239 412 4288 6338 8190 803 8198 3788 3809 3793 7137 8344 6489 2434 4584 8146 9586
22 3187 1141 7014 479 4903 8176 6971 3545 4047 3981 5015 1137 6940 4742 1757 5866 9206 1658 8542 1119 1263 1150
31 6613 3171 5213 2418 3612 2343 397 6519 7872 9274 8655 7955 1899 334 8371 7948 30 3853 6924 756 6938 2596 2742 8881 7827 7486 8803 6052 5780 9847 7502
22 6638 275 3373 7349 4044 4263 5704 1915 3721 1003 6996 1413 3067 2798 5697 29 8742 149 4695 4735 6017 849
31 1125 1186 6402 2396 5258 1293 4495 8006 5506 383 1032 9889 3110 6716 8621 9421 9507 4610 9551 5641 8361 6116 8838 7228 3239 3196 1629 8317 8387 2587 3642
31 6791 436 4794 5886 2042 5333 3764 393 8791 3130 9254 3078 1215 3453 4295 8775 4633 1488 3885 842 6193 2958 364 9631 1633 8777 8416 2119 6094 2901 969
38 6428 7080 5233 8590 1531 8431 6655 2769 3582 6922 9027 4486 8812 2415 1301 3144 2030 4430 1870 6484 3609 8780 9409 1351 5385 8495 9758 1649 4211 6122 1018 5155 7551 6828 8941 9018 4915 1445
30 9371 3492 4757 3295 7769 1138 6221 0 2728 8641 5975 6666 5951 2610 3011 406 4226 1409 6146 7823 5745 988 5243 312 3559 5812 2731 3074 1559 9163
18 2234 6982 159 8657 5938 4099 1441 4350 5480 6192 7692 4112 1886 9929 6662 4721 8845 7568
27 1573 2241 5908 4091 9019 8234 3836 473 3151 3192 219 4520 2325 2153 5417 5118 6741 5978 583 6949 1506 2545 5515 6029 9100 7641 592
35 7735 3693 9635 9033 4053 5170 5772 2601 7450 4990 1709 8721 7701 643 3175 2882 2108 2485 3594 2420 6775 6571 6118 7454 7452 11 5380 4222 3930 4026 6404 8583 2134 8805 1199
27 4935 3025 4754 7650 4181 1198 117 5159 1986 3273 8801 2092 4986 5732 733 4525 1346 9345 1884 9009 6923 5753 9508 5039 2885 3957 3708
32 5604 8724 8152 6046 9128 3331 5671 6393 1730 6795 4929 9420 6171 116 3390 9367 1382 6170 4780 307 4499 122 1284 1438 3739 2160 5342 6832 8068 3308 5489 7362
25 3875 8434 7638 2252 5244 5051 8746 3528 261 6188 3364 521 8832 8844 2019 305 3753 645 8863 1274 1232 983 1288 5216 6537
33 1566 5552 724 9248 9257 9940 3367 5901 1344 3904 4457 5355 8067 9704 9250 7077 9299 1664 4819 7813 9998 4405 1230 945 3593 5765 4366 8810 6222 6783 4590 3857 960
23 2823 4632 915 2736 3907 6634 174 7592 5168 5935 2707 2867 7072 6078 8414 9611 7250 2732 9020 6327 3207 6680 233
23 1408 9447 2746 8418 7022 9184 5396 9885 3398 3863 7612 2114 5346 8319 7975 3244 3255 7398 6831 5250 5386 7997 8470
24 3496 2836 9636 629 851 8687 2843 3648 1096 8668 4223 1280 7549 2581 5205 2270 3945 1901 28 1381 2063 8195 4254 9941
27 1826 1191 5334 288 4442 3396 8714 208 8754 4673 3882 1310 2654 2897 5379 5804 9050 649 9597 7403 1478 6583 4908 9582 3607 1079 4962
23 3183 4322 9561 128 1882 9917 3286 7308 7025 1482 9355 1783 8975 7129 8459 6894 4932 3990 7933 732 4746 4680 7764
22 6897 446 4926 1592 7369 1980 7305 644 225 3923 3061 4855 5463 4770 4508 1979 7892 2553 7281 7738 8061 7559
27 9189 8267 3503 1772 9120 952 9258 9565 4413 1023 2066 3695 3477 2372 6758 9749 3428 4102 5358 5286 1479 4297 7100 4699 5021 5284 9914
33 1134 4107 3076 9868 6151 747 3951 4219 8958 7278 5496 2071 7484 1861 2826 3095 6187 5808 7276 1122 6384 4740 9653 7762 2750 8456 6139 5665 251 9563 3168 4526 9212
27 5030 8523 2012 6620 4144 1575 8093 4015 4953 6163 3105 38 4101 6948 3502 8140 6540 1741 4763 3738 3689 5819 8077 3522 9918 2406 1921
29 4115 5564 5997 8204 4005 9494 2158 4348 4306 6708 3494 8337 345 8489 3525 6594 2174 4781 7 9722 4000 6548 3163 6248 5256 2670 2957 4364 4576
30 8407 750 6879 9459 220 3001 5223 9436 5121 4684 5964 6586 1171 903 2568 985 8269 9230 5607 8079 6281 3910 5996 9253 7508 172 9927 2306 9403 5638
33 2870 6785 5903 676 3722 1521 5925 9745 2179 3340 2909 9793 8907 9300 5198 6044 9996 169 5746 8972 4310 6443 847 8473 4445 1570 5686 6660 573 24 7319 1235 3818
31 8141 4260 7448 3339 874 2395 3733 5307 3949 3541 4358 6854 6186 2078 6354 4582 7491 4139 3512 1581 8537 3600 4154 3626 6899 3237 2571 3697 7926 3956 126
35 7418 9194 3765 5345 5483 8575 6464 385 1440 1777 2039 9203 7401 4064 1724 2699 3723 5971 1469 7155 6315 8997 3666 7057 1251 6679 1951 235 8708 9244 3840 4516 5877 2936 8385
36 5832 5645 4397 3899 5313 5318 236 513 8478 1836 2892 7709 5413 9857 2923 1796 7712 2615 9609 8732 6607 5741 7879 2726 8457 1476 433 284 7445 316 6478 6688 9517 9452 7294 5666
32 9872 2297 68 4717 4034 6113 2966 6766 466 3203 4204 1493 8691 5691 3199 2617 2837 6282 6350 6712 4572 727 8430 4242 783 7520 9557 1518 1115 9388 3870 3595
35 5260 1938 3179 5475 3383 1051 7985 5860 6427 6979 980 8912 8602 4019 8536 8038 1401 8901 6226 4103 5272 7732 1101 7160 7303 8508 6465 1811 4320 7125 9099 1655 9645 212 4184
26 5371 9692 6600 6231 434 1558 5857 8911 8389 5142 1643 2220 4335 6223 887 4609 8156 9875 4528 8738 9335 3998 4619 9723 4714 6121
30 8346 5336 1924 9492 9559 7667 4942 606 7240 6715 7776 8857 8185 3747 998 6851 3890 5773 7141 9801 3029 6243 7665 9101 9667 7463 6028 8151 6942 4821
26 3491 9215 1595 7528 9719 9831 4183 33 2331 7105 3794 1867 322 909 2949 536 1471 7550 4982 3658 1328 8779 6709 6503 3173 3769
34 2822 9662 34 8438 422 2137 3242 1639 1821 9267 9548 3191 6674 527 2833 1406 1353 4167 5546 5531 3293 5655 6682 3976 7226 6401 5004 2588 8112 856 509 6055 6632 6479
24 8849 4759 5492 779 1203 572 7693 7455 5856 6672 741 2148 4294 2981 57 6698 2043 303 8054 5715 8965 2088 5734 496
27 4891 570 9688 1140 4249 9462 1804 7915 3770 6630 7409 8859 3131 7312 3983 9666 2110 4359 5626 269 3699 7073 8088 714 4367 3868 5453
38 7901 8698 6154 5653 563 5349 1795 2468 8012 3669 1904 4017 8238 4130 39 7589 2475 8982 2379 5672 5038 3880 9429 4301 9271 2377 5873 1877 7332 3988 2501 3226 953 2620 764 8114 4171 8311
27 9446 6214 4773 1818 7579 4231 3715 9737 8258 3670 8861 7623 9681 999 4470 1240 5415 8300 8869 9105 9834 5932 3948 5527 5907 5375 9724
32 7849 7851 7205 7636 1964 4553 8263 9327 4958 5175 8931 2818 8348 984 7307 4614 4843 4509 6487 7023 992 3597 3221 6636 1305 3936 47 5948 6332 6564 2016 4964
28 691 6461 6992 9219 8471 8727 2744 5843 3743 9862 2878 2977 9694 6026 5006 2387 302 4868 2112 1355 9682 7902 6335 3014 240 166 5774 6088
27 6950 3533 4870 5668 2578 6485 6902 8741 5053 9314 6705 8925 1170 2939 9283 514 9920 5920 7819 9036 7287 8554 7604 641 575 8062 6142
27 4172 3581 1021 4802 6559 5547 8245 9952 8824 781 4423 1146 6398 5299 8370 9624 2492 759 1201 3900 2347 423 5091 2962 205 936 7399
28 1492 1040 4937 1152 5949 792 8577 7046 4831 5068 972 1329 5811 1144 2354 2204 7757 5643 8028 6058 4330 3843 9972 5624 4841 4793 2431 5392
28 1472 688 6687 3350 6102 9790 6985 1039 1074 6210 5661 387 5265 8329 5443 2462 7834 1338 5444 935 8209 242 3135 2927 5711 3406 4461 9995
34 4078 5801 9117 3575 8966 1487 8609 8365 9044 1692 8153 2502 2685 1314 2413 9196 5378 5594 1632 5098 4475 4451 9237 5563 890 267 6774 1017 5359 8520 5372 6639 977 7234
36 5876 6130 7982 850 6748 6177 1276 6826 5433 3587 5760 1064 8477 1218 2590 2643 3020 394 2743 9008 3786 5409 7564 5295 324 1213 5572 9199 2035 5217 6887 8306 5275 1428 145 6575
31 7566 4057 4994 5247 2914 1016 9489 6500 4975 3854 2310 5055 7950 83 6449 3685 9160 5839 5718 1535 4129 7912 1341 1164 8704 3023 3688 2926 5747 9748 5915
36 3425 3145 4390 4507 5669 7707 1758 1300 8737 6359 4341 2955 8617 9110 3407 5289 115 4583 6406 7831 1221 2708 2697 5498 1844 8785 7263 1447 9948 1686 8533 9001 7029 2895 6240 4625
33 1764 5008 7402 5185 9039 4386 1241 4355 9955 2337 1020 332 9983 384 9628 3543 6684 7258 8124 3344 7779 2206 4094 8684 1591 9125 2366 8229 9905 9766 6921 7002 9895
26 5149 1590 964 4454 5012 7466 7554 9618 1744 125 914 6530 618 8480 5495 2580 4007 3270 9603 9167 7342 731 9045 5280 1313 1773
31 3562 6756 4393 184 720 7374 5501 8144 5852 7247 2683 2982 8773 4244 1720 7064 7825 2543 7145 8010 632 4593 1470 5864 3796 6303 1891 950 5042 9643 4131
29 1785 1965 1359 2693 4824 9397 2637 4273 6547 4521 4031 5382 3058 2705 228 8137 6998 3869 8847 7684 72 5338 5328 7354 566 6203 6755 3931 4300
22 2446 8896 5613 9130 7980 6817 6927 5913 3470 3499 7221 8196 9174 864 8411 2483 4039 7711 2385 5432 4097 9204
24 2440 6488 6699 1756 6444 4304 4514 9235 2403 7059 1244 7099 6365 2256 9405 483 4886 4427 7169 2162 7683 4877 6157 5208
27 295 7883 7395 6635 1835 171 7800 1433 7503 6310 2811 6930 3535 2029 268 9746 8301 139 2438 9348 9713 8219 3710 6762 6442 3062 7899
30 5959 4049 6720 4068 3762 706 5912 3858 800 6230 1693 4374 3298 189 1249 6166 5565 6518 6527 8405 7140 1669 857 4927 5549 5787 3970 8240 7886 3116
35 4398 5756 810 9522 2253 9139 1264 73 3281 6978 111 5514 9173 8448 4425 7919 2560 6692 1713 3204 5399 7628 7832 9195 3342 6805 4729 5085 6797 5173 7518 8916 9580 1851 7718
23 2265 3911 1600 8766 435 3711 2001 6872 6033 4720 8482 3065 884 247 3615 4233 4013 9306 6702 7457 7804 7537 1868
30 9822 9443 6062 2785 4088 9899 2352 5637 141 3086 8358 1754 3290 5497 9414 4199 4332 2466 2975 8563 6285 2688 4920 3200 4426 7717 5936 2514 2829 2296
26 5062 5147 9589 4279 9592 7519 5610 8410 9583 743 6436 7522 1206 5869 4074 6323 6079 1941 2625 97 9000 7311 7252 9978 5261 6513
25 7639 6890 3844 5151 3680 4722 2021 6312 1532 2260 9855 1962 8015 1771 5786 1537 9401 4269 1617 2437 3424 3652 2059 224 6216
32 3155 8394 330 3501 9129 1515 8201 8454 1525 3341 1089 3336 5818 4658 5095 4737 6884 9671 5123 6827 1850 6346 3189 9086 8075 9886 581 9947 6184 1106 7153 8629
31 3766 7382 2351 5112 7485 9391 4302 7441 9240 739 313 6648 4873 6701 6483 6462 8373 1977 3891 2022 1087 5807 315 1912 6076 6745 7970 3779 8402 1738 8887
26 2098 1753 191 1700 3177 2323 1612 6990 8022 7755 3304 4124 1889 4515 1070 1832 3552 500 6788 3924 7818 8202 2976 1333 7593 5562
26 7609 3579 9951 2141 3412 7719 2142 2318 893 5890 9280 4160 4368 6895 9047 4404 9783 4853 6132 4558 8748 9789 8188 4517 6988 448
31 8961 1893 7173 667 6407 6815 343 3644 2499 2509 7863 5791 1934 3629 9824 475 2015 4434 2419 4056 2490 6333 9357 7799 1716 8247 6901 6008 1690 9741 647
29 3190 5097 6796 5632 1890 5759 484 4577 5568 8878 2913 2390 6129 9729 1606 1578 9922 1394 1388 6342 8716 7857 1527 978 3859 8218 3589 2925 6627
23 8450 8551 4980 3128 8565 659 5658 5020 8957 7748 9425 7097 8889 2120 4179 6915 5827 7881 2026 4778 9813 120 4361
34 719 2417 3720 534 9052 9515 515 1095 2301 8679 6295 4483 4792 5314 7068 9218 6368 8345 4317 9252 8713 6977 1376 538 5931 4429 9656 9201 3098 3057 8270 3202 2215 7063
22 3660 7179 3937 6283 2236 6049 5587 8593 4782 7949 1621 4414 4706 9867 217 8058 79 2703 9422 578 9330 2611
24 2922 5846 4046 443 8239 2450 3069 8260 9187 9739 4617 6968 6714 1 6934 9493 6370 8127 3498 8606 7544 1385 9444 7534
23 7132 6683 1285 3278 5226 2018 3619 468 2725 9332 4045 7114 1517 7171 3596 6336 9005 4308 8065 3447 8981 3530 2661
22 7245 9718 8492 7335 4622 7249 3272 8518 8262 4997 8623 4547 3686 918 4829 533 3113 370 748 9710 9987 5823
32 3516 3991 9743 3260 2228 2965 5360 630 3830 8441 550 5322 4460 1002 7785 5411 782 1774 9119 2740 3728 3751 7749 6066 699 7220 8081 6041 7261 1327 6898 694
16 2648 5351 3348 6274 465 4401 492 7591 7510 7283 9644 5469 9661 3800 3634 4331
25 2993 8026 540 9612 5052 8264 8700 3313 2373 2857 2397 5080 805 5962 8599 7285 875 6381 7599 10 8637 2749 4872 6823 4712
25 7782 1030 9336 4318 2912 6299 7988 8463 901 1557 4892 1489 6114 6399 2290 8023 801 3569 9245 942 2862 6159 9505 4512 8096
31 7576 1377 1539 5324 5815 4151 3405 8711 2774 3520 420 4500 3986 7560 3879 3759 1892 9390 9570 3895 5688 5131 1733 5722 9305 2117 9686 8955 8343 5985 8928
27 8003 9785 4018 8954 5166 2918 2771 2541 2161 4289 3212 1431 4293 1838 6072 6841 5487 5187 3327 1563 7098 4234 3538 9691 5571 4646 966
31 2672 9211 9887 9702 6869 5683 4137 9338 8289 4647 9526 1389 1405 7104 8109 1496 1876 1161 1710 4653 7495 7913 6592 1374 7453 7858 4762 9438 4339 9860 4978
29 6198 8579 9095 9678 232 6658 7675 9808 7390 5603 8437 5018 7007 9736 6156 9616 7385 6953 3068 5150 3737 5362 767 5922 9608 1930 4682 9991 3006
22 8468 5973 3914 7180 1917 9986 8642 878 1919 1467 2077 4750 613 7433 3973 401 7736 2572 4561 2809 4747 4916
26 1956 8875 3009 4817 3186 1998 2689 4823 9311 7973 1507 4277 3897 6306 9596 8291 8868 5602 3768 3572 9063 5180 6077 5582 20 5559
24 602 6770 2482 7084 9263 1794 4251 2274 9093 6388 1761 5132 1504 8223 1927 1781 7079 4203 9265 885 7895 8658 2487 6217
30 1386 2090 1247 1983 2755 9937 5125 9892 2525 3802 6690 5592 3553 3134 4992 2404 6892 895 1068 2278 7999 3776 5778 5494 9114 897 8302 6181 9615 6498
28 6440 102 5326 8383 2940 5829 5022 6300 8723 5023 2474 5770 2389 2589 3568 7199 9560 1495 5154 6528 6558 7193 5025 1900 6631 517 2345 470
27 4469 9740 6888 9884 2767 6912 2289 1971 7875 3955 7990 2235 2967 3896 9292 5590 9070 3032 7754 9069 7730 5849 4998 4502 5365 2367 5107
36 7318 9488 9594 1143 7222 6265 3385 3064 3259 3455 9415 2624 6860 3362 9368 3146 1585 7809 623 254 3605 4800 3820 7353 4035 6127 7640 5979 7266 9859 6909 88 9900 9080 3349 1211
27 9890 8183 144 1053 2555 2358 2470 9870 1671 5035 9812 5000 7388 5067 8529 1702 3999 6034 5339 6771 9198 2778 4337 9285 5398 5410 7907
30 1179 7633 3384 4944 9286 8751 6618 36 565 6606 2928 9012 6829 2666 7882 8310 9717 6739 7133 7314 9511 9396 3357 6514 9479 3947 5813 6161 4540 7996
26 8424 8339 4122 3932 5826 3671 8726 3205 9380 3774 1647 8159 3303 9902 6448 8996 1033 9017 4023 3178 8157 6086 652 4698 7174 8964
31 9106 3123 3361 227 9227 5377 6925 9772 62 9121 4487 9491 6328 4900 2243 6367 3003 6450 1706 4406 2087 326 2696 3017 9108 1869 3219 7154 9148 4380 6266
26 7613 766 2715 1614 4200 9989 2027 5369 619 2835 9839 6693 5282 231 639 7615 3213 5081 4806 1090 8600 1072 4324 9620 2203 8360
30 2584 671 1339 8797 91 6409 1792 1688 1163 1303 4215 2500 8597 5056 8041 4595 8692 4606 7565 6825 3841 6022 6717 2510 2706 3979 3008 2804 3531 5517
31 601 8472 5049 7611 5696 2479 375 4627 7598 8423 9994 5222 9090 8413 2408 3241 6811 6137 8886 7587 7556 4700 52 4704 9730 8973 7797 1475 8763 677 7655
32 6190 336 2169 3417 3139 8421 6710 320 3195 1837 4818 5699 4147 710 7298 2283 5539 3960 5340 5986 5616 6803 4198 797 1297 4733 6053 5466 3120 8374 2634 2681
28 5967 1499 2085 5251 3318 1674 2096 6538 1679 5397 6582 2044 259 376 9091 3458 8720 508 3394 9386 7945 3591 8853 735 1538 6490 1967 3285
20 8044 6463 2186 2633 9761 7538 9451 2132 7336 8722 9389 4157 4280 755 4826 347 4846 9032 7770 9869
31 8057 804 7015 9131 3172 1562 6643 4116 4194 6740 6567 4641 9720 3825 822 4696 1929 5800 4213 1088 8921 8705 6131 2363 5184 9065 9353 1881 8487 7422 9192
24 9832 1909 1597 5896 9439 177 8476 5963 3127 6993 6024 5427 1094 7184 8051 2653 5078 2733 8126 6273 4993 3157 3072 4586
22 6781 3181 5066 6657 6727 3243 9442 5474 6918 8350 5579 831 274 7273 478 608 5165 3691 9514 1878 1010 2956
29 8172 9141 1846 8543 7230 1398 2401 2840 2762 4315 5878 3925 4687 8665 8020 7924 1918 2663 7964 4554 5203 4537 8485 1685 8117 6573 2349 4875 9478
27 6975 1348 3027 4650 8327 6123 1677 8532 5176 4055 5429 9815 6224 916 7860 6253 5426 1054 418 3004 6019 9369 9680 6209 1022 1315 7260
23 5465 7397 7867 2036 9803 9485 7356 8325 7131 9821 5701 8509 4177 1536 4482 6792 4187 5923 9574 1857 4108 2444 1397
32 45 4447 5771 9506 961 8530 1961 6016 784 7361 4621 8292 670 1248 4945 5064 5994 7557 1636 6802 4946 1502 8113 9638 5702 4459 8891 5317 5002 7775 4347 4087
22 3265 553 1059 5999 80 2175 2230 2513 881 123 8762 407 180 9337 5087 2861 3864 2405 8994 8782 2371 3334
26 9014 3482 4766 6871 1239 4948 5074 7195 5219 3132 4128 8990 6106 9647 248 2271 2639 4073 5663 3561 5234 4688 9904 4548 5681 6405
32 3922 6330 7186 6001 8872 3283 6304 3079 3489 8588 51 9908 1188 522 751 5214 6545 2364 4893 4541 3852 7095 8930 8354 3750 5728 9524 2498 7837 4897 8167 7936
32 2452 5388 476 854 5115 3150 8074 6876 2677 9825 1593 1340 2238 6277 21 545 609 6176 8149 8630 5493 3432 9726 4245 8382 8449 7498 9025 8018 3474 98 5211
25 474 4338 6005 2920 9648 1610 2183 1092 2935 9453 2757 6807 3085 2118 7573 2449 7940 3673 1966 2065 8846 3734 1071 371 1993
33 5835 4974 551 6889 6410 4391 4314 7158 4093 3090 2687 74 5822 8603 5530 7928 8956 1544 143 1498 6375 4488 1169 9776 1955 4837 668 8622 1820 3664 2031 8683 7162
36 835 4466 2091 108 5553 9378 5520 9322 4858 8050 1802 1193 9153 9842 4544 7459 4919 9185 8338 3463 3250 3129 2307 9676 1200 3526 1953 4296 6 3015 3717 8376 1270 1697 5561 2388
27 7324 3505 9460 8903 6936 8820 3275 5706 106 6162 8904 1676 4504 6145 2004 557 1173 7676 599 6937 1814 4620 5120 638 4674 7965 9958
25 7642 9136 3953 6681 173 6205 8076 425 5183 6472 9529 8094 5909 8796 5758 5648 7563 1775 7512 4705 6324 2143 8819 9255 697
27 9826 8080 26 7367 3702 7572 7142 3280 5279 1395 9833 6486 4098 693 6629 5573 1910 9480 7959 1234 9402 4270 6325 9687 8978 9607 7577
39 1717 8546 7569 5476 4415 4910 1631 8526 7464 7379 2613 4385 6276 6069 7082 6862 4952 4835 1294 8341 1052 7196 1456 9419 19 3217 1008 317 1989 372 374 1834 1947 8776 870 8307 277 3143 3952
23 3423 3235 9930 3410 931 3292 1076 1932 3182 252 7275 237 2047 3539 6880 6852 9318 195 5337 218 4381 2105 4063
27 4523 1062 2 2304 5574 1681 4734 87 6412 7906 7525 4667 6174 1135 758 8295 3927 2665 1332 1699 9061 1790 7713 439 5551 2528 8618
26 4071 8977 460 1560 238 5228 4465 2722 6256 995 5124 9179 777 2671 8355 2299 8827 9226 155 1995 6366 7106 4683 9971 9841 3810
26 4052 2550 6857 8717 6822 5714 703 8689 3606 331 7532 5152 7888 9999 3602 2899 6759 4441 9610 8388 7977 7048 9828 3580 5320 7796
21 2378 7251 7449 3033 3040 5406 5425 2558 2760 8892 6429 6836 9359 7515 4033 7425 8340 5019 2294 4905 6013
40 9988 7545 3640 3201 5109 3036 3238 3332 9055 3103 2950 927 3780 1519 620 3798 6082 7509 2759 4120 6846 6611 14 2692 5884 2070 2319 2598 2127 658 5620 2190 1183 1594 2709 1943 8236 3918 2254 7527
34 7426 3704 7343 1746 8027 7699 2239 4248 1760 6859 134 888 6515 9973 3797 9372 1320 7884 1873 8908 1616 588 6678 8403 657 5858 8030 2476 5305 948 2964 9788 8165 2716
18 4904 6754 7603 5726 6215 1219 6357 6178 5373 8210 1652 8230 5630 4022 3655 7807 5618 537
33 8544 8440 4481 4909 7482 9549 7359 1245 4589 472 4443 2986 8189 7300 6721 989 947 9810 1047 3928 1190 2827 4849 9496 7501 661 6943 8695 1393 4947 3451 3962 9604
31 681 4805 9791 6250 5461 7116 1283 1547 9315 2680 3982 2465 7150 2546 4883 7218 5640 535 672 9578 8359 2503 2025 640 8559 378 6881 4353 8768 1791 7272
20 2600 4760 9696 7487 450 949 2346 8111 7745 8318 1182 1960 4351 3137 4815 4164 285 6926 4643 6202
32 3815 7297 8971 1066 6092 2195 6211 2298 1898 8251 987 6268 2802 5096 8335 799 8007 3096 802 3639 4059 8671 9016 7506 9102 8275 7339 5225 1583 196 2008 2630
28 6669 5529 8733 6995 5229 4185 4785 3835 4882 8611 832 680 1963 5202 4080 7803 5651 3031 9432 7446 9938 4342 9193 7729 8774 4585 9527 9932
28 3590 9213 8952 9732 1465 738 132 5157 9362 8469 9690 6856 7328 7846 9207 700 369 4085 7635 9518 1296 6605 2002 6858 9170 6667 3038 5269
22 9284 7494 3833 7042 817 9754 2701 2057 4745 793 4432 7812 2097 4732 8497 6039 3714 8136 3977 2789 9968 7978
25 1574 1752 3775 2813 7060 8699 9097 8328 1888 5570 9562 8899 6352 7346 9877 9427 2910 4075 3713 7601 6059 6153 852 7004 3227
27 6423 7995 6729 7329 7416 3266 662 6824 373 3434 7443 5581 8926 4676 3253 8800 6095 1528 6047 9313 8922 4265 9881 940 8272 561 7368
30 6599 1768 7929 9891 9079 5181 4933 5353 2679 4562 6697 8089 8769 1948 2576 3063 6453 650 9534 8984 6394 8662 9373 3861 1061 9953 6722 4871 1635 6148
33 3256 3210 1437 7744 9076 4309 3091 6522 9853 5763 7743 6183 2825 3635 4180 1145 9290 449 5331 3445 5676 770 9879 8852 8084 3493 4840 1464 7852 4354 4256 7471 5987
31 9058 7828 7704 7331 304 7149 4597 9898 8025 6364 6820 6590 3834 3812 7290 9959 2326 6991 6009 4645 5816 6608 1514 506 9652 2285 4105 7791 8574 8514 2791
35 2635 9861 8607 9200 429 3268 8693 9856 1160 5163 1098 5601 3431 8734 3284 5075 9931 2527 9077 2192 1116 3965 9062 9649 4979 2691 621 3583 3328 3101 2075 119 6810 7947 9700
34 6812 9440 4480 6790 4629 7086 3300 5376 4880 7761 5137 8989 7242 3377 539 8242 2727 8336 8702 7003 4357 6875 165 1432 8101 9449 3994 7714 455 2248 2834 5928 1653 5065
32 4852 7313 4474 5136 6819 8745 1855 5224 5863 4950 8645 9339 5490 4178 4021 3456 5833 6904 2631 263 255 4010 8626 1379 162 8163 8308 8747 4061 9535 6821 4329
32 4765 9251 6363 7442 462 4976 7840 4117 1609 6233 7009 2606 3464 6624 7126 5505 775 5242 5825 7040 2515 2081 7198 3726 9602 6289 2819 5215 2532 5930 7187 8694
31 1434 4114 4170 2777 2860 8615 221 7488 7347 8828 2960 203 8943 92 6941 9279 3828 7088 7758 3162 1823 3566 8452 8357 5872 5408 4571 7542 3906 287 9600
30 2734 7047 89 3598 5534 7790 740 3427 9231 9376 360 1825 7237 6757 9547 7212 3837 5628 6505 8767 6383 959 5710 8962 399 8567 7152 882 7900 6663
26 9321 6152 1712 4917 9123 4156 9599 9622 5390 4640 1317 1435 8047 2720 9098 7236 8133 7181 2684 2650 9840 7687 3727 891 4956 3555
20 7337 5608 1148 3126 2801 8968 996 9084 9919 9575 1661 6321 3102 3056 549 5892 3294 1449 3345 4690
30 8858 405 3656 6474 1417 2752 1715 15 1412 8256 9771 7939 9466 4382 1261 9256 3180 8168 9040 2321 923 3617 6108 296 7101 5009 3661 2866 6972 491
28 4661 3104 5952 8549 6966 1420 3777 8728 3608 2188 3124 5108 5817 1308 9794 1931 9701 3475 6987 7269 2317 6917 717 8582 3024 9697 9481 7911
28 1805 6935 3 4655 3757 4082 2129 1477 7664 2931 5584 4456 5259 4743 3043 8155 1480 6035 7507 9333 2579 3586 9022 8515 6360 7214 7322 2267
37 1587 2607 2803 3681 2000 5968 9428 6481 2279 380 1725 9289 8122 2943 3490 7404 9233 3446 264 2125 2219 193 8226 5252 4299 6685 4928 2455 7017 2374 2360 1347 7413 5926 6633 2810 5674
31 5482 4141 9031 5511 4957 5945 5058 5177 8349 5312 8783 5523 5070 8145 6951 6060 7112 9312 4557 5692 2246 7085 723 1110 3627 4999 3993 4954 5481 2968 9296
27 4753 1833 5917 9806 2747 3537 5348 6267 8460 7931 4032 7108 1589 9672 5577 6877 3473 772 8496 4216 9569 5402 3354 7930 7008 7841 7165
28 9714 7794 2442 1862 8829 229 791 3821 7400 9677 8821 8035 5122 1726 8707 7292 1732 1565 9294 4863 3564 1153 4468 1815 1991 3540 2565 6588
27 4967 3902 8282 1325 163 4703 8377 5838 6225 6287 2412 5847 5767 66 1225 6387 4389 1619 7067 9775 8635 8902 197 8241 2718 9383 3375
25 816 656 7120 1822 7976 2873 9537 3651 6584 5297 7387 8507 3778 4373 1848 2886 3433 7786 7530 2865 3352 2398 9112 3958 8395
28 8709 7793 2459 9454 3744 7406 9864 6652 3500 833 8808 2255 5768 5063 9135 3269 3461 3684 6786 2327 7103 9985 5288 3282 2787 8104 7094 6929
