78 6599 719 9738 4523 3660 2223 934 9053 6062 9498 9913 4057 1746 915 1531 90 5467 8919 5153 4400 1520 6935 6278 3186 9640 7974 4795 8634 9831 3917 3619 9533 2642 3079 9880 252 6162 1243 1317 1898 4460 9500 7213 5874 2316 5108 3961 7795 7909 6223 3287 9140 8291 355 1116 9401 9298 5544 9432 7582 2190 9834 1110 3438 3699 296 8576 485 3459 7505 5812 6356 321 4590 9782 8385 7272 6014
93 8033 333 9832 5260 962 3039 4801 2921 5160 1574 523 846 5914 5113 2512 5898 8797 5209 9352 128 5263 5658 404 5181 5855 5400 158 5478 238 9540 8737 1222 6744 8292 3644 1167 380 5861 8460 7891 2799 4691 8358 9808 332 3379 9127 8734 5429 384 161 2465 4658 6129 4295 6024 4779 3926 8780 4276 9483 2278 169 297 6946 490 1190 6199 742 7634 3915 6247 3445 7311 9597 8888 1497 8818 347 7600 3274 3168 2514 2441 1550 451 1010 6442 946 953 8784 4901 2451
62 1434 5835 9159 8946 2672 4852 5673 9740 2586 27 5595 553 1956 8503 5511 6258 3064 8282 1175 3259 3291 2339 7279 9599 8848 356 5496 9338 313 1852 5509 5659 5440 4577 3941 1103 920 8882 2549 1905 5447 3043 7365 6106 2290 6558 8300 7685 29 2597 3713 6201 6745 6717 7518 8953 8484 891 5907 561 5211 6301
77 1179 681 4078 1808 1641 3423 2772 4473 4060 2086 8523 2793 2241 5213 4662 5134 9966 544 7475 7442 7742 3954 1264 3391 2358 6231 9242 236 3019 173 674 4758 8000 2937 3912 6331 409 3192 4641 4031 3262 2977 6060 2520 4417 8115 1401 9800 2151 8597 802 3377 8901 2697 1416 3805 9659 8702 5778 6958 6023 8344 1432 2503 6209 1997 5408 1628 1333 6943 2501 638 7923 3901 2155 2528 2249
76 3016 8141 586 1141 45 7914 9814 8502 5645 8669 1573 5524 6557 3878 9688 8781 6888 6928 1835 2570 1745 9956 6961 817 6910 6556 8575 4386 3410 2608 9504 1487 6634 319 4282 22 2322 4562 4931 2233 7597 9634 1290 4266 4921 9654 4147 2262 5000 9458 954 6757 5123 4706 4482 3535 7083 3077 488 5078 2347 2545 1859 2812 7717 6153 5734 8363 6303 9003 8683 5204 119 2406 8351 3818
83 9191 2870 1717 6808 2805 1587 9049 8372 7642 9957 9960 2332 2607 4071 3505 2012 5195 5476 4415 8073 3612 4629 5797 6379 4192 9825 3907 1631 6452 8285 3528 6547 8389 8441 9439 4588 9885 9220 8238 8680 5023 3362 4888 9281 4726 7374 9526 353 4591 9010 2165 922 628 2800 3942 30 3269 7739 2287 1830 6111 7758 4080 3370 6087 4879 8571 2460 6949 2598 6571 9972 423 3374 7807 4580 5466 9904 9080 3840 2915 9969 3107
68 2603 3440 6042 7318 3363 1788 4114 2698 1539 1109 5941 188 5798 7922 6770 5632 6578 2343 5612 3405 3331 9263 215 8176 2747 2838 9909 8500 3520 4117 9329 619 6185 597 360 6693 2857 5297 6735 6044 4943 6321 8223 611 5270 7630 2043 1611 9796 2309 7410 5414 7920 1324 1699 5190 735 5995 8811 3661 6181 9968 1079 764 6732 2969 6561 3024
57 9670 7426 7833 1408 7781 2713 3496 3628 8366 2182 4503 8566 4632 3268 7014 5566 7519 6313 8565 1462 4867 4553 9803 3326 8913 6049 7661 2522 3058 7522 3515 778 9703 2897 2416 7032 2464 9390 3382 1664 1409 7564 6451 2527 4955 762 324 2798 2564 5165 9271 3089 7425 5025 4173 351 7796
82 2446 3875 7427 3183 8607 5062 7382 7297 3533 1364 7782 6093 417 4169 1909 9933 68 4480 4717 291 1080 7177 4009 9773 6681 9416 9484 2992 7467 7915 8718 7572 1882 4589 4350 7800 6267 789 6163 7765 3742 7450 2068 4334 4520 9497 9780 7328 8222 3806 264 8762 505 8295 1426 3365 1463 6089 366 5961 9086 9569 8556 8633 1841 9205 5764 218 7332 4666 7152 6654 4196 4746 769 3522 4257 4635 4353 977 3808 3444
76 9145 7418 6885 9351 1579 3832 4760 4397 352 9868 8678 7047 5740 7937 8980 2304 874 7516 2640 2418 6925 3283 7383 6459 7180 4514 930 6944 2832 5523 4396 9733 1423 9254 70 4489 3705 140 9501 3094 8435 7792 1498 2708 8599 8329 7888 5884 9564 8158 64 7999 5267 8921 1619 7143 7113 9245 2773 4810 1755 4013 6593 7977 2294 2865 6916 587 7677 3161 4274 8092 5849 7805 3120 5987
73 9058 6440 6424 9180 4804 804 7901 7132 5254 4466 4634 9037 8386 3501 9522 108 4327 8324 8875 3172 9273 7042 2535 3671 4018 8421 2622 6437 5360 9781 541 9240 5474 3791 4444 5397 1444 2867 7838 7459 4992 6414 8990 8498 9712 4129 4549 1114 1517 6079 6045 7189 7079 8419 7098 3244 4711 1031 7711 5521 1474 2510 5615 8880 5386 7938 730 5729 3829 3472 9109 6371 6491
72 2995 2849 306 9925 7080 377 4494 2378 275 7984 3460 2648 4797 9695 1590 5387 4259 6664 5082 5461 593 9097 4730 3443 3587 9395 851 435 2142 2303 7111 2124 7404 1091 6993 986 4743 9824 213 5477 1504 914 6594 4328 4310 3343 4103 1169 8321 3973 8459 5362 1216 2461 1296 1902 1078 1857 6066 6517 5180 2065 6251 344 9112 426 9463 2737 8402 8412 6271 8932
89 2038 9189 7849 9888 8085 9890 4805 2636 6214 1768 5097 4238 4701 5472 8934 2 8547 1024 9052 2971 928 2168 2914 9096 4005 1604 4181 9974 8442 5446 7406 6411 8526 9795 5355 6740 110 174 4241 4130 8159 4435 2397 2412 4456 9655 1915 2887 259 4583 2534 4420 4471 7265 7171 998 3662 8190 3927 8029 7155 3960 8310 5697 7550 2361 2958 6107 9085 6691 9259 3593 3022 9265 8136 4061 8510 8779 3214 8955 6431 8485 2444 8918 7655 2668 7908 1637 1289
92 2822 156 7138 187 8220 3240 9872 8299 4447 3592 6392 5966 7979 9584 766 1734 5109 2767 9073 8693 9115 4084 6481 1059 3332 4621 6551 9848 7317 8036 3420 1368 3158 4055 8603 1039 7415 3176 1620 7709 9327 7767 4565 5137 1935 3488 2325 3303 1280 7267 7056 4637 4317 6743 4839 157 4862 9683 2110 3193 7499 8587 6494 8119 8056 3231 6110 179 6285 3967 28 6834 2458 6101 6608 5381 6799 6139 3352 5665 6636 814 2505 3369 396 5092 8374 4345 8096 6810 5320 2894
68 9413 102 2098 5959 1030 2090 9166 8835 551 8625 5675 5942 405 7969 9636 850 3306 2469 9816 3951 6817 4454 7526 1477 5350 3502 4919 1742 143 8279 3599 1887 1392 1848 3571 7591 5212 5340 9626 1654 5139 9105 7170 1026 6373 867 1072 728 9048 7306 7376 5702 8515 6478 9143 5936 8376 8487 4735 9687 7965 1071 4512 1533 5991 3555 7502 7527
74 8725 327 5046 2830 6261 957 596 4122 7175 3772 7015 5127 26 8733 540 2141 8193 6699 4903 598 7896 791 5596 9133 1689 6361 5293 3802 2624 1549 7536 1248 465 1988 199 9677 4617 2080 3470 6530 5072 2299 3473 5242 5636 8491 8800 8662 7547 6734 4755 7963 7302 959 3053 6290 7902 7868 4608 1254 8777 6293 6465 6076 5650 6052 6161 2143 1540 2670 7178 1367 5635 8805
71 7277 4891 2163 5588 4949 2996 9447 8568 7643 552 4803 5938 5492 3701 5086 7416 9980 3411 294 785 4817 2841 3804 5682 9494 941 6752 7296 8553 1810 7777 4889 5769 8147 7680 1360 5781 7257 8332 3132 1774 6721 3180 2631 2111 6807 756 9509 6249 9896 2047 2988 4056 2733 2277 5979 6937 5264 9125 9663 2434 9450 9715 8100 5294 7968 8268 9615 5285 3188 4775
57 5371 6428 2150 929 4260 3104 2550 625 1204 4390 3025 7674 8207 656 2604 6857 2769 7394 6756 16 7449 4933 9428 8778 9286 2036 7116 5783 147 1238 8322 8040 8532 2984 8038 9334 6291 2237 6175 6338 3692 2130 8031 3419 2882 5816 5399 8380 9639 5754 8451 2109 2302 3870 2783 6537 4915
72 4172 9321 4960 1711 7186 5939 9538 5756 5535 49 8297 6250 2813 6416 479 273 6889 2860 2166 3702 1961 5022 4304 9622 2794 5176 2601 8488 1735 3254 21 4582 6927 2859 8801 71 3879 4402 5848 9072 585 1094 6628 9999 3773 2696 4778 1065 3787 4894 1159 2476 7567 6070 9348 1005 7967 8902 517 2883 1634 4222 5678 6325 6008 2481 4685 2386 8216 2901 3952 2879
83 820 7136 9168 2381 7320 286 6319 4501 8698 1599 5771 476 7006 3471 2777 3630 1196 2350 416 1398 6444 3036 1283 5151 5585 7976 4175 9165 6393 1012 927 9457 6300 4575 2061 7024 4370 9375 9818 8840 7753 7275 1206 4906 3121 1920 6310 4081 2017 4603 4167 7378 7673 1073 4819 3615 2453 6870 5094 7825 7570 7293 5572 1343 7686 2196 151 3862 2553 9253 2784 3208 6832 1393 8244 4954 4287 616 6029 3305 3006 9724 5208
57 6130 9392 5919 8057 8097 6950 3590 1512 5465 3877 7222 6640 8740 2858 9492 3333 2906 1700 4123 2013 4926 5188 7773 5343 473 8458 1427 4290 1647 1172 6138 2040 3685 5114 3837 6127 9471 2974 4261 8280 137 8951 7391 767 1669 857 7524 6986 7453 25 9025 7477 2751 5374 9941 5674 6422
69 6781 2851 4661 6933 3902 671 6897 3775 6227 227 9361 6347 1191 5967 2736 9019 5333 6283 8439 3764 3323 9761 6868 908 3347 4001 2468 5348 949 5435 4395 6470 6616 1770 8834 243 6795 8398 8993 5366 9842 7062 5413 670 4281 3402 2020 9092 5974 924 9365 600 4288 3657 6180 1156 9551 9102 9775 7389 723 8287 9225 8637 5787 5513 9444 5774 85
77 6430 6340 2635 3831 7995 2417 1752 9136 548 4944 5310 9378 811 3442 6864 6995 2037 2664 3267 4307 7028 1547 2450 4969 6205 4385 1253 9499 9314 3427 8798 6277 7875 8623 1020 1395 7082 9952 5530 4293 7288 9367 6601 3401 254 8796 7184 2821 2187 2660 9337 9641 6270 8156 1041 1703 2162 8985 3498 3447 6774 4416 8749 9535 9353 3045 4674 9900 3366 1714 6038 4998 3531 4418 6061 6441 7264
81 3117 7584 3145 8099 746 1187 5801 4967 8407 6543 8492 1312 1359 3781 7487 9984 8540 5156 357 6005 7060 1558 8250 2599 2239 2609 4015 3040 3854 2410 7541 6160 4110 7304 6412 9793 5352 2685 5118 6951 909 5417 4986 5219 7948 9694 6228 6323 5252 4085 905 2407 9214 5631 5640 2676 9386 4225 9693 2438 885 3023 1546 7523 9661 6907 7508 1874 7164 4346 9398 1385 2567 4561 2620 5948 5690 9770 6511 8194 9604
77 3883 6096 724 2368 9038 1568 3991 4166 9227 3968 6463 8356 3482 8977 3932 6382 9129 4249 6016 5020 1016 9777 132 8266 7668 1414 2868 1865 7369 3318 5748 8638 7045 9442 5407 5183 8274 5904 3280 4857 1792 1532 2548 8861 8926 5214 6545 2704 1135 6930 4312 2226 4538 595 9846 9199 4770 6525 3526 8163 4675 6126 8739 7987 4850 5316 6887 1287 31 4197 1738 1678 6656 6952 4605 1766 4331
74 1572 4768 8644 8453 7337 654 4236 9155 7031 5532 6879 7638 8170 34 2042 9804 9128 9627 8237 605 5005 7581 3373 1373 9485 630 5875 4950 5863 1420 3745 5639 1064 6236 9495 4724 3785 6918 9728 1074 6648 7949 9983 9757 512 4125 5622 1598 3102 7127 8996 658 463 2861 8064 5616 7145 3087 1388 3591 2612 8104 7440 7486 7052 859 1947 9586 8895 6598 4097 2942 9827 9577
87 2600 2584 1769 1466 13 8090 6330 9692 280 4049 5837 7096 7639 7395 7030 5721 7335 6785 5997 7864 6655 9612 3462 3899 1675 6322 2395 5224 3949 5436 8970 5424 6500 6990 8178 9394 1759 6971 9815 5763 6820 4844 7761 3565 8967 7785 7983 7706 9372 8008 1044 1642 339 7589 9256 406 7586 4851 3073 6962 2271 2128 2127 4860 5061 8853 9722 7512 1183 8690 4624 4733 1900 3450 455 8165 5344 47 166 4422 4680 4956 4437 5551 7907 9510 4087
77 1785 7653 8551 835 7179 8383 2652 4989 554 9718 1670 144 1704 7552 3598 6871 9699 9224 8950 5226 9382 8936 8162 9811 1053 6177 3847 2394 1282 3243 5403 9762 2735 833 391 3407 1000 5169 7188 4132 798 6352 2675 5438 4378 6706 369 1828 8135 2379 5773 705 3222 5655 1075 7954 3750 2317 9496 765 1827 4537 9849 8738 8045 1279 6828 3014 9124 3493 7804 7801 8132 1345 6159 5284 3116
65 3387 6229 9106 9371 8128 4671 9887 23 7343 5777 3383 446 2396 2573 3763 3855 7528 3278 2384 7259 703 8726 4356 7240 6562 3984 5369 9425 9870 5277 9976 5035 6609 972 7209 59 7000 7150 4515 6072 4883 1567 6384 302 2473 8537 424 4725 8403 6803 3255 3189 5554 1850 8473 828 826 7933 948 3008 6969 2716 4256 4708 7593
65 6507 5455 691 3720 3636 3353 5049 4754 6001 2554 8590 5041 4660 2847 1554 7397 9568 4476 7464 33 5177 5759 9272 1888 7349 6866 1082 2337 8939 8639 5330 2424 7493 1461 305 729 5104 6075 2341 9553 9174 1741 923 8028 1748 9294 2118 3245 3666 847 3395 4203 8340 3980 8785 1381 876 5217 9433 2638 1522 7153 4625 7260 6413
84 9822 6056 175 601 4322 9284 2146 3076 3562 3704 8205 7235 9336 8969 3827 1060 1595 563 9621 5680 5520 4250 6623 7894 5744 5351 4677 3091 3203 7347 5312 7142 425 8541 150 6344 3166 1259 8628 4945 6707 6814 3584 8938 6811 5122 6182 4177 6653 4893 5741 4812 9823 4924 5980 8303 6984 3252 945 3843 1528 165 4876 6259 4772 3673 2174 4029 2285 4121 464 8302 978 3207 20 4895 5633 8589 9296 6573 3570 2611 5681 5707
72 7678 7851 8561 5552 3187 2823 9446 7704 9213 5130 7402 1407 7698 8949 8481 6351 9785 5349 9322 1197 2916 6658 6618 7087 365 7679 8620 9986 7840 7790 3724 7605 1493 9228 1003 5701 2502 3136 6510 3828 4232 9387 3418 4934 5692 2307 1488 1845 1806 3550 8198 7325 7821 8868 6031 1910 2377 3483 316 2566 4959 9022 5776 1937 1943 806 1470 4224 5044 3279 4821 4131
59 295 6423 8544 3042 2091 9435 328 4922 1753 5908 3302 9747 1339 1247 8003 4050 7992 4697 678 7327 4104 2242 8649 9725 9753 7468 2403 525 1307 1683 4647 6033 2474 2050 7928 5818 5309 3310 6238 3819 7884 7557 539 5202 5642 1 4557 2625 6315 9473 6232 7208 1252 8127 4267 7551 9579 3173 9914
81 5604 9215 7828 4107 5955 3709 436 2496 4574 6475 4099 8415 6030 7458 8745 4996 3350 7603 1644 1124 1608 4784 1076 8966 8957 4144 6902 6112 5167 6027 1149 8377 4044 1555 9853 2558 3020 9249 2495 5890 3807 2743 6337 9455 4340 3512 7210 7975 2839 9005 1970 9807 9614 6514 72 3566 5338 4971 5710 2575 5243 298 880 4979 1633 6077 983 3542 8606 3936 8018 9030 8782 6633 2585 4963 5280 4977 1990 9343 8311
62 8450 3511 9054 1817 7205 8315 3937 7494 1113 7606 8851 3385 1377 2263 8699 3735 1715 1448 5968 3537 5116 1390 4355 3346 4642 956 9583 164 1609 1996 9274 8211 6531 9376 8499 8025 1168 5547 8245 8013 4689 6813 2699 3635 1460 1744 5497 2171 2589 1761 278 6448 7001 9209 4106 9567 5415 8230 9602 9036 8632 3232
69 526 4141 2440 2993 9662 2202 1035 5149 1491 6796 6003 3921 2876 9039 1614 6790 3099 4165 8327 4227 2167 4278 2439 167 6099 4628 8968 8235 456 1725 3715 8004 51 8988 4497 9548 4021 1526 6178 7877 6582 2185 4213 8242 4421 5426 7093 9518 8331 2023 4143 4604 4744 2340 4848 1018 632 5560 9176 4271 5728 2844 6798 3202 3872 5021 6898 7885 9212
71 8849 1999 8724 5325 9282 6257 6791 5326 3929 5608 1805 5865 9561 7689 3867 9806 7295 6152 3992 5990 8906 4252 9537 2352 2908 8349 2274 2707 7038 3777 4880 1193 358 400 9368 5412 7105 7950 855 3507 6716 2235 2225 2753 2108 2445 9534 5186 8259 354 4299 8973 6144 5339 3294 3561 4517 3652 7261 1464 1237 574 3101 7478 3530 4707 7947 900 6164 7341 9154
68 3249 2758 1965 1824 3491 474 9194 8504 7448 7251 4616 9743 5903 7636 3149 6245 6407 421 4408 1923 4082 9772 4745 8462 8289 5976 7784 9437 8689 987 8145 9057 2877 5024 1459 6484 6544 2413 2369 8007 1496 5259 4074 1469 9469 5567 4059 5484 7447 5131 549 8608 5034 8430 9468 3521 9277 5459 7810 3712 9934 2848 8011 9828 9064 511 6843 4747
72 4052 9111 3233 2922 8730 4765 816 7421 3060 429 6117 3579 9130 1260 9632 659 3518 7249 2346 5368 7538 6826 5925 2470 3275 1836 4457 6675 2499 5900 8528 5222 7409 9093 4500 5906 6829 8855 1418 5427 2387 4700 7212 5174 5026 8319 6050 8133 649 6336 7283 454 3428 3999 562 7372 6458 5792 3613 9028 1538 6316 8241 486 4369 9637 5527 4866 1559 3913 8395 8307
68 602 4467 7229 6198 9328 5030 8246 1143 5537 2940 9930 8927 3953 7230 8829 1325 60 4053 1907 3707 35 8204 3170 3281 2310 3741 3185 8381 8463 1098 3194 7091 1880 7195 3063 3441 7199 57 6591 9325 6644 1840 222 7889 7310 7994 8196 7231 2164 2272 2628 622 410 2831 186 8202 8685 6782 6080 5305 9774 2789 6542 8744 869 5269 6596 5517
59 4935 6570 5832 1125 1893 1896 3119 9727 8404 5895 4311 1380 8615 795 8549 6242 3560 1674 662 7866 4672 675 1203 6221 6615 2457 5322 8042 8258 886 1120 5791 6272 6908 9434 7233 9060 9292 6220 6714 6758 1213 8107 7017 708 3990 8838 2160 8520 2203 7683 7090 6203 4411 2385 6169 7123 5065 531
73 5634 8595 6613 482 570 6982 8121 138 1330 2297 7566 2963 8026 4442 3009 9123 5460 663 5516 8046 15 606 4126 5307 320 2334 6738 841 4703 9173 7284 991 9993 7935 2120 1097 3078 7941 2617 1358 7237 866 2540 7702 1352 1413 4614 8139 2227 6611 1033 3658 6589 8388 7799 3994 2336 3996 9903 1281 7972 8672 7166 7713 4270 2329 2902 1136 6390 4699 4690 1268 4556
73 3448 2734 577 9581 4469 2452 993 4543 5703 78 3551 4980 2836 3316 8017 7481 7173 854 3050 8261 3238 919 7865 2429 5323 7203 9241 6369 4116 4483 6312 9451 9186 4929 5189 2763 7387 1233 4292 5018 5404 5395 3273 6612 331 4511 8605 2370 1262 2981 3477 4761 2300 5727 7172 9411 7626 744 9647 4911 8856 4499 1334 7224 2284 4039 4593 6339 195 8533 717 6216 7911
75 8103 9340 8598 7609 5876 9243 4119 8125 5197 5503 8078 1130 2766 5241 2933 1267 1863 952 5829 5945 9200 1178 216 2637 2853 2433 8920 383 6286 6979 1639 4137 6690 1189 6268 4679 3314 3798 3228 133 1934 6406 5840 2428 3700 6895 3054 3026 5731 6841 2485 2029 2321 471 840 6788 5625 3689 9652 695 5657 4036 4075 8845 652 6041 8305 8105 2776 2456 4923 7861 447 3057 5255
60 2717 8858 1959 7545 7256 3756 8424 2795 8948 4808 2069 3856 7724 3811 7625 3177 3380 5051 7752 6348 6292 721 5671 2673 5542 2920 2674 6128 7489 134 4465 9149 8206 6206 6780 8824 5249 1102 9707 5808 7681 6861 9624 1780 8155 8869 6083 6132 7085 7269 5676 3910 3588 3224 4320 7617 4291 8658 575 9563
78 3155 3236 9742 558 1048 3632 3209 5324 9601 5529 4458 2305 5553 6234 2649 1926 8697 9384 5574 784 4887 5126 6710 5619 5860 6389 1784 1777 3871 5406 2318 2562 9851 9203 4938 6708 4163 7334 8889 1962 8482 3010 2314 2056 603 8035 683 693 3108 7167 5076 6850 633 7271 9419 8041 4763 6195 8229 6840 9167 7228 1995 8179 5091 8112 8247 4688 9620 9041 9320 3547 3985 7729 2105 6055 7540 8618
56 9696 2234 2191 3265 1062 4338 1424 7529 276 8080 1415 4824 6474 8717 7723 8872 9752 5066 3821 5170 8001 1883 6230 9078 8668 911 1799 1929 916 9280 7075 8475 8254 6998 131 5248 9066 9345 3371 1291 8684 759 6605 8 8457 776 8160 1263 3687 6360 4532 4811 5717 3062 4063 9138
78 6975 4065 3190 4830 2209 152 3128 5069 9988 2785 5245 2715 4802 2145 5345 457 6620 4834 8766 6819 6410 4298 9489 1994 1322 2728 4205 4858 7872 9310 8783 3678 4204 3398 7268 6697 5292 1244 664 3894 4578 7072 3271 5842 9 6048 6119 9877 588 8116 3852 7684 6900 2898 1844 1803 8169 5286 1108 8929 2328 349 614 7490 1580 5593 8582 5215 696 6149 439 5930 6587 503 6179 6632 2103 6148
68 3922 2156 9443 4077 2864 5482 8227 9441 4773 6720 5881 4006 9559 9131 8339 9251 2768 4309 740 939 4048 1245 4809 1411 3489 4194 8249 8309 5822 3774 3144 1326 1032 6893 5766 5579 237 3061 6398 7099 6282 7248 3085 8016 1286 4649 2216 631 7067 4308 9142 3823 8428 1953 5085 8708 5110 2275 7223 1454 1607 6332 6564 2530 1638 2157 1298 419
78 3256 94 688 8468 6891 1040 1764 1036 6970 6488 5237 1139 6363 1855 229 8052 571 2101 5313 6000 745 2762 385 3830 4942 1895 5570 3297 8182 5838 5506 3670 3490 8573 6085 2066 4601 1321 799 2500 7247 9279 5048 9931 8348 3684 2256 4113 6009 4321 3068 7585 9144 6555 8452 6034 3969 1476 1355 5607 4073 7530 8626 1570 6254 1129 6040 7463 6761 4995 7930 6011 1629 7854 3970 362 3826 4916
76 9141 7735 9714 1472 2517 7313 3833 5014 7569 5334 4068 6265 4535 665 2693 1275 627 7144 7485 5229 4314 679 1593 6309 2744 8741 484 800 6523 3429 5045 1694 7811 2122 7771 7377 9178 3494 3622 1214 5451 32 1029 3175 5752 7126 6418 4843 2889 8773 6905 1231 7779 5853 1649 3564 3276 3200 9198 88 6801 3729 6248 2214 8535 9208 4020 1975 4890 3664 6842 3876 9799 2952 8694 694
67 8709 4189 3492 9211 7760 6461 8044 4392 8399 6980 6294 460 8053 4195 3623 2815 779 3139 1597 1681 9590 6966 4799 9324 2679 1219 4193 620 5584 7925 4443 5592 9287 6892 6208 8560 428 6719 7363 7692 9893 9513 887 3485 6645 9532 827 4663 821 2025 3081 3614 9878 2709 5184 1266 5809 7951 9134 7926 3589 4762 4767 7165 7063 126 1778
87 9151 8854 3153 7855 4878 5008 7574 6931 395 2265 1348 8952 750 1067 1818 8586 2147 4636 8884 9190 2137 1794 8727 4313 8924 7375 8572 2266 2748 3417 8423 4446 5502 8251 7305 3487 1226 9110 881 6574 9502 8437 3315 2577 8821 5441 4551 245 7102 1088 101 2224 1117 4654 5957 5431 5288 7070 761 2602 3093 8570 6314 6381 8357 3223 7250 8474 3032 129 9503 7303 4105 3098 3938 7601 7595 205 940 6503 7731 5805 3760 4793 5054 7722 496
67 3384 9475 8545 6497 3425 4994 6992 8971 9202 9175 8074 5207 69 2756 8820 9856 4716 232 7637 8897 185 9648 3610 6747 3100 7691 9339 9270 8874 4289 4638 1419 1096 2595 5480 7076 83 4212 8284 9081 8650 4335 2206 4838 9021 4365 2692 8804 4596 66 853 1814 1696 8531 2787 3726 5709 7714 6273 127 9349 3421 2850 2594 5851 4978 6207
69 9488 9246 5266 7822 8440 5564 8903 6597 1862 3987 4896 7331 1422 2526 2459 4777 2677 221 7158 6566 4221 7513 2788 9949 9436 6015 2083 3304 6357 6666 1671 54 8677 8989 6989 7344 5782 5152 4918 5732 2324 7750 4970 4149 7676 7221 247 5038 255 2133 9779 342 6641 1513 4439 4536 4932 5089 5039 5337 7895 8002 4268 1350 8479 1106 5591 2254 7577
70 6021 3581 1925 1833 5147 6668 9820 6425 4214 7367 170 1429 2701 1969 1152 2058 6554 5244 5138 9565 3182 1541 4478 980 6167 431 8642 9260 1676 2021 4095 8214 3955 3454 9809 5600 2382 1829 2656 2657 3721 3672 4448 9794 8497 398 7514 5357 1763 4837 3822 201 8208 8557 8326 7454 1478 9766 2454 6797 6532 5402 5844 181 7900 7841 4111 277 9643 7688
69 42 2139 445 2765 7511 4303 4568 9257 389 2351 5613 477 1421 1066 3536 6677 5456 3266 6493 4093 8746 1542 7239 250 6994 975 6419 1998 7278 9182 3683 3887 5821 3647 7071 739 3146 9158 510 1914 4072 8362 6701 8713 6521 4054 3056 8495 5421 5283 7716 935 5143 7057 4216 1586 8846 1509 6838 8146 2261 6397 9698 8060 9971 7903 8941 5561 9837
57 9543 8172 666 612 1660 3075 5952 9942 4794 3765 4217 3681 1779 2965 8130 6275 9963 2295 6746 9229 422 4892 3124 387 5405 3174 7005 3220 7844 3464 9716 7013 386 2740 1246 5098 7495 6043 3337 591 1955 4445 6903 2374 4038 469 3467 4913 4682 8978 7399 1235 9802 8314 2659 2561 1635
72 3516 9858 1813 6845 534 9417 9248 9031 8434 8850 1983 4870 1410 1100 2399 6092 7020 2752 2051 5251 4739 375 1505 8954 1465 9407 2096 7768 3558 3164 5739 883 1127 8700 4025 2511 7036 9910 2011 2928 3989 2923 5830 997 7509 9185 9261 5767 5268 3368 8051 318 7763 2466 6104 6146 4656 4035 8984 3539 6443 520 2905 6342 932 2248 7156 4714 5481 9991 7021 6627
72 8896 698 4433 6200 1134 1807 8513 2244 2005 5555 3005 3903 4560 7026 1772 7715 8651 2918 4183 2770 3103 9356 4377 6874 9183 610 5315 3648 7812 5843 9420 7462 9482 5793 6674 532 5847 9007 6025 6082 9651 3812 1294 4218 8200 514 5652 842 6476 7040 3869 9465 4498 508 4991 524 1578 2344 8354 1658 206 2896 4683 5569 1503 7608 9995 9330 2809 4184 8753 6202
77 9014 660 3766 8406 3288 687 4349 4807 528 3782 6635 7384 130 432 4710 4607 7667 1198 8454 7441 572 1521 3114 9619 9864 6186 7483 8588 1242 2722 5142 1545 4997 4413 995 4958 8943 9231 1256 5175 3835 3191 9689 5803 8191 2044 2354 782 1451 2730 7809 2967 9312 9596 1886 2663 2173 1265 4609 1757 1940 7225 3736 9083 9938 8071 5641 2579 9062 5019 661 7966 4940 8416 4771 2291 8443
74 1386 9764 9594 5383 2803 9288 1712 4751 6959 8870 9075 1205 5247 6151 4279 2482 8543 8584 3755 3881 706 2154 9721 1804 6218 8506 902 7916 7592 3388 1610 7745 6824 5879 5749 9529 4657 5603 8769 8552 2276 2463 4547 6552 9008 7491 1856 1927 8610 5056 1710 8827 8947 3282 9512 1987 9911 4233 7594 242 1481 6131 6289 1957 5649 2778 9912 2311 3697 7533 6279 7215 4576 4329
59 2414 6812 3611 773 7871 7708 3914 702 5794 9592 2169 7721 5726 8257 443 8494 7980 8793 6553 1485 8005 2960 6069 7670 1007 4168 7122 6590 933 6976 8294 5420 8666 3893 6192 5786 3963 7385 3211 5373 7656 6977 1789 7181 1336 8171 100 2754 3357 9210 1922 8408 8308 4380 6490 7521 9918 9438 9600
60 1942 1826 1271 4766 7946 9992 3640 3693 6687 9967 1220 3836 5 6816 5867 6793 4083 5301 5757 4363 6567 1519 6715 4665 2132 3105 2846 741 6914 223 5720 5505 5539 7912 180 1736 4554 7064 2650 8209 2816 1084 7497 7469 783 44 2393 2095 2962 6909 8792 5667 2031 1473 2067 1690 6012 9481 5392 6614
78 4904 9360 6956 8546 8184 8177 9470 5377 9755 9104 9646 498 8072 1756 7986 5883 5166 7191 5218 792 2574 4076 107 7392 5253 261 3711 3654 6084 8912 1301 2415 5036 4990 8505 3110 4579 832 4749 2121 4914 2845 5378 7556 9119 2658 3814 5239 5982 4118 8414 1941 3880 4010 9016 9946 763 1591 4968 118 8113 2079 9945 2074 640 3154 8712 2571 9422 9045 9723 3668 6673 2523 6806 6546 537 1651
73 5500 3123 3247 8039 6154 8447 2855 7787 7794 1037 6669 5751 5128 1499 3524 9042 7985 7699 4474 5598 2755 281 6299 4673 4734 6057 4004 3934 8627 5434 3234 2542 3434 5811 1867 715 1320 2900 5063 5972 9077 6924 6724 9674 6968 5393 7624 8704 5745 4939 8900 3178 5762 2449 1989 441 5872 5232 2626 634 7746 9710 2308 3710 467 2828 287 6650 966 6955 2810 711 4964
62 9861 8653 4796 1425 6729 2890 3656 9408 4650 7183 9732 6102 3746 979 5228 771 8911 3513 2538 363 8876 3018 7484 3892 2760 8369 6705 3484 2935 1023 781 430 9704 9359 7587 2419 6607 6965 9297 5422 6288 9480 3509 9195 4816 9605 4912 4705 2964 8323 8306 1731 7089 368 3734 7697 5779 9388 5897 5033 9255 2480
69 207 6638 8394 8364 4066 5889 8654 4481 1186 3169 7695 7982 5653 3264 4455 4909 7147 6520 7482 2775 338 9719 397 1342 5171 2232 8815 3131 6800 8616 6486 6187 376 5306 5332 5346 1713 8867 5236 3928 6736 2592 8656 4330 2112 4686 4899 4606 2764 3965 8252 3084 2824 3002 6260 7687 3988 3779 2094 8522 5582 5685 6435 1001 3529 4832 2956 9700 9860
67 7539 7216 8961 2557 4115 9797 3181 9635 9702 6237 3455 9120 4248 1042 3225 6212 5223 8933 6244 685 7405 4640 7061 4003 7163 6522 4040 3035 5314 6318 7554 1402 7242 8390 3393 1952 8886 2982 1137 2231 7273 958 7438 3945 4220 5656 8069 6281 7252 6541 5445 2282 3510 1626 7616 6141 3138 4337 6184 340 3092 5432 5928 8360 6088 1921 6017
61 4611 7576 8472 3361 5370 626 8286 1842 3972 747 1192 5886 7329 9236 5965 7957 629 1560 220 5857 9961 9892 9172 7988 7356 1944 1174 4185 6329 5074 1083 194 2071 9660 8862 5064 8260 8892 228 3453 3839 1968 2780 7112 2032 2019 5581 2251 2034 716 4094 3230 6934 7420 1251 9603 9686 5418 1397 6804 470
75 7633 5057 3815 726 9826 1437 3258 336 5475 9459 3322 487 3866 7575 2578 3557 8277 7286 7845 8375 1677 1750 5901 3541 8991 2435 9308 1310 5012 1872 2028 8213 1971 4272 9760 6846 234 6134 1552 2475 3747 1876 5971 3047 1221 700 8095 3885 4868 5043 2292 1645 279 8098 3976 9611 122 1208 5992 146 3307 8881 317 5571 9977 9713 8058 3979 3197 8574 2170 5007 3159 1596 6172
71 4764 5388 6683 9460 182 159 1556 5077 191 5115 3659 5534 4151 3503 2049 4186 304 1210 8992 6731 4983 6703 653 7359 8937 8687 6559 7078 3905 2525 8577 1802 3320 710 3147 4383 6665 9763 2683 9344 4477 9666 6100 6376 1050 4493 3319 2929 4704 772 3549 248 4159 4972 1523 3342 3964 4572 6917 9379 4721 2046 4783 7154 8994 3478 4008 9517 3048 8548 7641
62 1387 3216 1846 5944 3312 7929 89 6482 7867 3 1123 1257 3851 5148 6822 8910 6395 4069 7751 6519 720 2179 2843 8263 1304 7993 7291 8262 3286 8248 8775 189 680 4723 2945 299 8671 9981 7366 3012 6549 4234 7913 7627 3725 1663 2172 8467 5722 7169 3676 4651 6602 5686 9539 312 2427 3688 8567 105 3311 8164
58 3179 3665 4753 5136 4951 5973 7744 9850 7244 3367 309 5654 2018 4639 308 8256 5587 2247 468 6256 2909 7419 7046 2878 9370 7596 6375 5093 1494 7276 1783 1063 758 9427 418 5493 3525 4815 1623 5295 1008 4209 5765 1337 8527 2115 9886 7048 1834 860 235 3406 1209 8583 641 9452 7820 2107
56 3452 6197 9445 9440 1038 3235 7883 5934 8438 5258 5448 4718 736 8293 5693 3033 6036 9708 7931 4134 1354 565 1837 5279 3631 974 3435 2260 8142 861 5135 8807 6540 5577 9252 263 2568 6991 8140 583 2425 1720 7350 1376 5627 6839 2665 1582 2726 5663 3523 7274 8359 5558 3413 1648
65 4398 493 7662 4974 5336 1831 810 314 5528 6890 9685 8431 4091 5846 8432 6973 3582 4757 6402 8445 6922 2840 5499 7086 8281 8958 3556 5376 5157 6919 8154 87 5661 4002 1405 4430 8859 231 2010 2015 2645 1530 6396 5464 6777 3737 7051 7446 9711 5518 6196 4426 6981 808 3572 8343 8695 2779 5813 4490 3663 8225 98 5823 7414
73 6610 7793 1468 9157 2330 5984 9589 3476 6936 3618 330 9033 2293 7543 4286 9076 2236 6580 2401 3731 3573 2892 117 141 5146 8131 200 7672 1849 5951 546 5828 2539 7282 2826 7346 9222 1439 6696 7515 4610 9598 414 5841 7333 5977 6685 7762 7640 707 9137 5164 4007 6194 1501 8126 1374 4012 2437 3163 2063 3717 1576 7604 3041 731 1446 5317 2306 3468 5275 2681 2936
66 8983 9117 3911 8183 5262 5669 2472 3027 6374 5545 462 3620 5940 6262 1575 1217 590 6274 9107 926 9954 1132 6276 5235 7748 3675 4158 7610 743 9051 9116 6581 5770 2818 6115 5428 8630 5450 92 580 3067 7159 8692 2484 9206 7434 5753 3133 1500 7445 4409 9306 9840 1447 9034 251 1718 4531 4961 8353 4592 1697 6823 265 5398 519
71 7324 839 7245 994 1816 4088 8592 7358 271 6155 9791 1964 4655 6421 3919 5210 738 3703 2126 682 7944 2279 2950 6385 3603 7503 545 4835 8604 4425 8335 6114 4423 8512 6508 4598 7118 6945 8883 6786 8129 2327 325 7836 6792 4787 5923 3761 7826 9511 8863 2081 4245 3749 1979 3140 5824 8030 5715 9905 1316 3083 4947 7214 2814 7654 655 7362 7886 8945 6090
50 6190 4182 8710 8786 6603 3339 7380 3534 5462 6869 3744 6032 289 2218 3118 9629 6754 9044 4519 594 872 6252 4612 7816 345 907 8925 178 5761 4199 2671 3389 5730 9197 982 8370 4509 5287 1495 507 4191 2792 1652 8580 4022 9181 2732 4984 6415 6479
62 8152 7148 4246 1938 1924 1860 1021 1976 2221 5522 9139 2024 971 5683 3997 8410 8873 9315 6815 9989 2771 6652 550 3865 636 4687 1182 5533 6646 8864 805 9902 1145 4161 2033 6380 6226 3409 8975 1616 8396 6058 6297 2159 8054 269 9657 4362 5358 7480 8748 3426 3627 6053 5711 5257 6264 491 2007 6755 6051 647
82 6595 2563 7720 3198 7611 5185 9385 8134 7579 968 4573 9304 6600 5912 7769 7110 7338 4452 4315 5916 9415 7927 437 4559 4630 5911 2629 3392 5647 7407 8047 3846 2590 6585 9833 858 2724 3778 7308 1166 9233 6063 7532 5075 9810 2315 6621 1973 2270 2200 6487 2596 5672 1613 5605 2180 6700 9234 3569 104 2588 8065 7073 9364 2422 3527 2093 9978 4138 6667 9642 1288 8024 5609 2487 2881 3957 1150 6447 7194 3436 3595
77 1577 1492 8267 7219 8049 2430 3733 1588 1095 6485 8320 4597 4231 2359 9184 3486 1562 5302 7870 3625 2375 4432 0 8974 5238 4941 753 6287 6672 5124 1709 9855 8665 4599 2004 2373 2903 1170 713 9681 6851 449 4258 3939 1456 4738 4406 1338 1450 9162 5203 1455 2421 7461 6880 6239 9472 6769 8789 4908 9633 6533 8979 1396 5471 1981 1762 4552 8272 1655 448 7837 5562 5227 2565 4502 4347
73 4759 9787 1751 5917 4957 9951 82 4 5868 9836 8594 9678 7016 9268 8756 1004 5102 4627 8831 2687 3335 7755 4900 7401 6436 3813 3546 3229 7097 3364 67 7009 9043 7104 9739 3944 1452 1819 3437 7924 5880 568 9653 4836 4946 3046 9783 7573 1471 3475 7964 5111 7818 3935 3469 1982 6489 7619 4741 2250 4042 5575 4664 9476 892 566 4698 4936 6762 4352 5216 4516 2994
65 3171 7439 3860 3044 961 7798 7084 3682 2000 676 6794 8714 4976 9669 9238 4394 4472 209 1229 4264 8641 1767 5068 2230 2643 5694 8813 1972 3449 5691 9466 4128 5994 4546 9547 9609 4240 4555 7292 1351 1606 361 9929 1157 7254 1274 9226 2471 8716 8788 3909 8965 2478 6311 3653 9705 9293 3355 3796 5877 6647 7978 7775 8151 63
61 8995 8579 9591 5354 6671 4581 2335 5233 6445 5826 9095 5416 5182 208 7176 1740 1600 6105 6007 8471 5052 3858 6427 7960 3667 8645 3205 5053 1194 8760 4533 7876 6586 8448 334 4092 8899 4696 8814 7882 9011 2684 370 2402 246 1273 7023 7160 6394 7940 9333 9859 8923 2054 2796 1181 2467 5470 7839 5988 3580
73 7309 450 3260 2198 350 5483 5668 4034 4966 6748 7323 1417 8890 2746 2506 1659 3722 3001 9397 8093 4722 1707 4545 5512 8569 7598 9690 1643 5687 8808 392 5501 38 2183 5192 7432 403 9919 9068 5998 3284 7025 9453 559 7622 8217 1225 4475 3638 4357 875 4405 4211 4595 1180 6095 5892 4849 4041 9357 2875 6019 2729 1978 7354 4619 5926 4540 5231 8240 796 4871 7534
59 2874 8400 3324 1148 7496 2228 6983 5031 2633 2353 5308 3845 4156 6125 4046 4152 5580 8012 1133 1917 8486 6550 5278 6037 5090 9317 452 7727 9917 9575 8659 8446 529 2790 918 9160 4930 3646 5504 7058 3325 2521 4453 5927 7141 3394 9843 5933 1479 8433 8747 1378 4367 6709 7583 1270 3404 3868 6246
52 1285 8118 3519 3698 5206 9515 4917 9884 7488 7361 690 3122 576 1668 9908 7847 9812 7766 5699 2076 2948 584 5347 4375 3974 4343 8149 4371 903 1581 9595 4438 2420 136 8703 890 267 2934 9318 823 1112 5359 1682 172 3030 3906 7322 7850 4419 2296 9982 6135
71 701 7613 5557 3873 910 5112 2954 1140 5129 7890 2205 1014 3201 8120 6563 7952 3716 2801 80 9393 3439 2176 9854 8518 2078 3882 2651 2943 6856 2052 7824 2178 3834 7429 6018 9179 76 838 8761 412 5962 6156 1383 6466 8480 9852 478 9928 154 6896 8173 6964 6733 8635 6592 4265 9667 6366 8117 8081 5882 6308 3354 3719 8585 7631 2516 7772 1653 4058 2423
48 1566 3679 2583 40 7707 9751 906 1776 7351 4587 6766 1236 6643 9362 2064 2313 1344 9994 1603 4028 4127 3545 2705 2913 9216 5200 4882 8611 6174 8722 7146 270 2888 4522 1673 1584 9040 8034 1743 3007 7943 3358 4242 9550 9881 1184 6942 6906
65 862 4170 256 2479 9625 1442 899 2138 7381 5396 9235 5784 4089 8365 2613 5058 9658 168 5490 5121 6872 2062 4504 4101 7400 3246 9311 5947 2014 1894 1142 3568 492 5027 2757 830 8847 3129 5495 5594 535 9088 7571 495 2702 7504 9319 4462 3397 7669 4108 7520 2706 2712 581 2357 8501 8298 518 6626 5836 1954 7422 9544 5193
51 8346 768 2519 343 8790 8239 2536 2774 6225 9593 8562 3313 7039 6997 4376 7846 5834 9187 225 9135 3759 1870 8378 9769 8601 635 938 2333 5688 4372 7103 2886 8524 2035 4863 1510 6081 5494 6241 3257 6913 9631 442 9572 2667 6068 4827 224 2661 6173 4188
61 7918 4318 2442 9506 2614 5583 2144 4507 6150 5525 5949 9454 873 5796 4358 9675 106 9491 2477 3215 3532 4828 7703 8466 7531 1747 3629 3982 6176 4368 7803 7081 7932 7733 4244 8837 3184 9922 268 1240 8161 9897 5825 2515 6346 4668 4333 5250 1782 9879 6694 6926 2102 6548 5172 7730 3218 9731 7741 6625 9354
53 2711 2152 3210 3643 7115 667 3950 8083 4715 9606 1051 5910 9549 1239 62 5706 8027 6686 5274 3500 9531 6630 3341 5055 7664 6572 1158 8617 6515 9750 9628 1650 8296 1721 863 8759 3567 7506 7241 3000 3578 4360 9557 5747 5549 8830 7470 8682 2016 8640 9932 8114 7649
71 7694 8657 4769 2365 1365 3694 8885 4239 7161 8063 7011 5999 9079 1025 504 5724 8368 6622 7910 5439 8418 7629 3167 901 9883 2552 323 8325 9835 7037 560 3637 7645 4428 1630 5442 8089 7740 125 1467 4148 7007 8422 4332 5978 669 5958 7510 6035 3916 2605 139 7211 1202 8664 9789 9514 607 6659 9523 3930 3859 1601 7843 8986 556 2099 282 5050 5365 845
47 7648 6778 9366 3295 8841 8166 2555 8108 5423 9147 6464 7719 8754 1293 1160 5163 2135 6446 9084 5742 6233 204 7869 569 2116 1070 673 5187 9409 6078 2806 5391 9374 7386 6222 9613 1486 3289 3457 2904 1705 6932 9505 9768 8879 3143 973
39 5815 9756 502 3396 6718 2048 2569 555 6304 5125 4948 4348 2097 8593 8352 709 6145 8137 214 274 2970 6334 5013 1906 7832 4653 3853 5807 1984 6165 9926 7204 4324 2529 8405 2392 1311 7887 4361
66 7109 2253 6255 1913 3898 7842 780 9571 1138 8201 3465 9990 8517 2158 9006 8123 2281 5133 6409 2243 4792 7651 135 8215 4833 1933 6882 3817 1796 777 3321 1353 6006 96 5067 6302 1537 9587 8534 2700 3792 8181 3924 5871 3296 5576 7139 2486 2987 9201 692 7121 3239 2533 8981 1305 9023 6920 8555 8750 7474 4791 1967 1551 1991 1154
61 4937 8613 896 2186 1278 9940 6073 4567 9754 393 9907 6341 9936 9059 996 2136 5969 2175 4524 7693 4736 7390 4831 5862 4782 6454 8842 7860 8066 1482 984 9734 9047 8283 4645 955 7808 2899 9156 9706 6678 5617 5419 1400 6789 2662 4780 2210 1728 6569 6002 8218 882 4973 2119 1255 9474 7270 8037 8887 2907
64 61 3575 9150 2524 6657 7151 6779 6876 8765 8234 8417 6359 9467 1258 5433 9461 184 1011 1525 9720 8917 4124 2986 2647 9090 3794 4952 1680 3065 1621 4713 9196 6670 9736 7196 2219 2508 5485 6884 9717 9776 7945 3624 9493 8088 9020 9524 4884 4319 2819 6506 8174 8935 4981 818 5548 3956 103 7934 6480 7471 4235 8470 3082
66 1809 2140 4910 6113 1890 4200 5713 9817 5144 9027 8681 2057 1165 7650 43 7379 3904 3037 6854 5772 1904 8150 6188 2055 5070 5550 6456 6849 5290 394 1749 8189 1122 8960 2869 8860 6204 3125 2593 4570 1732 1502 5103 5389 5328 9171 5788 458 579 4176 7019 3727 4571 8772 1227 4877 3959 617 9869 4412 2911 3422 3403 2494 3748 4300
54 8143 3150 1758 6504 2912 1250 7436 1340 7022 8828 5670 5159 2039 4174 5390 2835 2547 7131 5329 8094 8345 3199 8878 2833 1698 2342 1052 4139 1507 7124 8401 9421 7217 6877 6417 8367 3261 3594 2087 3690 1230 9000 944 6987 2002 3338 6370 162 2866 7770 749 2544 240 3072
60 4219 1691 3051 931 8530 3757 1241 6767 515 5117 9055 7412 8050 9943 2745 177 3803 1839 2961 1151 1370 1980 1306 1622 203 5704 1986 413 7108 7612 3849 3095 7298 3609 1171 6433 5924 58 7500 4187 1087 9644 7476 1394 1901 3617 1164 8342 7892 8427 8706 4993 6317 1815 5221 6495 8070 3080 411 4254
69 6284 8751 1985 7253 7728 6211 2710 6753 9915 2531 2873 8564 5610 2797 5457 3780 2919 7671 6535 4341 5597 3336 3986 3506 1163 300 1908 527 7958 8857 5894 8787 9616 5758 2348 3463 4109 8942 904 3723 3891 7437 3329 3776 755 9726 9920 4285 2742 5145 2356 5785 543 9623 8010 8962 2991 8893 65 6189 824 5507 9383 8743 2957 9847 4171 4014 5885
48 2930 9219 8624 7880 1854 6676 311 4521 6538 3130 6847 4856 1693 8055 1679 9973 3606 8020 4090 6453 6350 639 8168 9673 9935 3109 3824 8839 7479 1379 4709 5651 4133 8719 5814 3793 9108 752 7289 5538 5586 2829 9882 2213 9527 3642 6121 1851
55 9891 4622 3412 6765 1055 2258 1592 6985 6859 1515 7878 9302 1299 4387 3090 230 472 9889 1302 7068 4382 2114 7312 337 9424 7033 2739 3344 1173 2462 3499 6353 8519 9276 5498 7433 6938 4786 17 9402 1107 1356 8922 963 3577 1790 1153 9082 809 9342 6663 8819 7187 5738 2504
54 6509 1795 171 1276 1093 970 879 2212 7185 9350 9546 7227 8812 4527 8477 878 5382 2009 5601 8931 7525 3134 2817 9552 6873 1308 7757 7623 5827 8667 2910 1640 5468 4859 9013 3538 5341 9301 4210 2177 1297 9610 8823 8729 6921 7726 1891 2075 3349 6865 849 8771 7936 9895
54 2003 7120 3844 1737 7232 3762 3126 53 6516 9899 2053 704 2301 3604 7955 3277 6210 4079 7345 5289 5291 7830 1489 6429 9217 4277 6749 9430 1146 5746 4525 6438 9998 7780 4528 4403 3977 4342 7905 5624 7074 18 754 2694 192 9170 9778 990 6305 8810 9152 7424 6142 7456
68 4067 2252 4436 2085 1049 6844 7430 489 1430 2782 7065 2195 513 3151 7561 9406 4247 925 1871 1516 8224 8652 5384 7135 943 8511 4988 9247 7939 3456 4316 7663 1847 6836 2761 6426 7238 8355 3753 7044 1950 985 6827 4023 6768 4541 7027 7971 4301 8444 7255 3029 7128 5437 6534 7991 5430 415 1786 7192 2448 9894 8236 5372 9645 2587 7049 8387
59 288 589 4495 9520 163 1760 2644 7201 7621 794 1602 8469 4874 9737 8602 7352 3430 4684 359 4284 8826 9300 1879 522 751 2759 8621 5606 5220 3786 7682 7737 538 2131 2492 4618 8795 6923 1277 8648 6899 4155 1119 3706 7858 4840 9285 2862 1105 2400 8187 8228 7817 3554 7066 825 4364 7162 5638
56 6046 1612 3292 9223 4486 7054 9955 2238 9975 3479 2027 3212 2280 7473 3608 3330 239 7873 8956 5854 2546 123 2576 7307 3641 8908 3004 6712 5150 5272 988 6477 668 5011 7465 1331 542 7956 6108 6086 5677 2976 732 1594 3015 2703 6499 7029 5918 4872 788 2380 2985 1739 7537 8816
50 9874 9937 5318 2323 7117 2331 642 7989 5869 4985 310 1553 557 6684 2615 4120 3888 2077 3978 2125 1858 494 8758 4648 6617 5628 6512 1903 9429 1569 7193 757 7749 2655 897 7501 5735 346 2072 9508 7647 5725 3351 8660 9113 937 8596 2532 4594 9018
56 6123 3696 1131 8711 434 4487 2591 7316 36 3770 7981 6651 8347 644 5106 6449 4153 6941 3317 2148 8915 7114 5817 9729 9290 8688 7701 4043 4164 7961 8379 46 5929 6372 1733 608 3738 725 3221 7904 2199 9063 7140 4613 3424 7644 3066 2405 8043 2691 7125 8987 1930 7747 2149 1363
41 5298 9735 73 9665 9585 4302 5353 3669 408 9477 8022 4251 5105 1657 6584 5700 7660 734 5975 4542 6263 5802 1121 6367 7549 5578 5356 9448 4414 9830 7848 5602 6469 7599 7398 4154 9516 9275 9536 9865 8075
51 8701 4391 1441 4323 5079 4975 8791 2161 3651 1009 3784 8493 4388 9153 2513 9067 219 5281 4564 8455 4100 4633 3799 3213 153 4470 5662 6802 9528 646 481 2070 618 7357 2750 8397 8720 7814 4198 293 8101 6852 5932 5873 5342 1800 1727 5915 3633 8715 7899
49 8464 6168 4096 837 5303 3195 8673 81 5168 6328 7743 4062 8944 5010 1557 3431 3743 1319 5488 8476 9326 475 5443 1272 2714 7778 56 5799 8429 329 4305 4563 3217 8852 6825 2669 459 1974 77 2269 41 1404 7553 3931 9829 8539 6498 7050 969
54 4529 2966 4030 7408 8111 684 9790 9745 8076 3299 2298 5401 420 5508 9771 3340 1349 9412 5311 9089 868 1524 8144 7370 686 8661 1176 9464 7973 95 5409 9122 2312 4814 3740 7285 1624 657 7451 9682 9578 1086 4485 3219 6688 5173 7281 4150 5225 1820 1323 624 9558 5453
55 8273 3680 8609 8006 5896 2129 9554 760 1688 5514 4869 8894 5282 8536 567 1618 8334 4180 3585 2204 7588 5716 6996 3677 4033 3461 335 5643 1403 4623 6120 7632 8199 2490 6020 2222 1162 114 8809 1878 3112 2104 2211 6988 1518 1798 6881 6821 5845 6783 1615 936 819 722 2497
54 813 5714 402 1412 5850 5296 1821 9898 8330 4728 3863 4223 7043 6298 1056 2220 533 5095 8871 7700 6170 3400 5614 2246 912 6875 9237 5271 9541 3497 4626 8021 6158 3270 5743 9146 8079 2117 401 3943 8077 262 6022 3958 6776 7764 7921 1801 3474 9423 6320 2367 7460 2518
64 5705 9258 8663 3049 9121 4530 4788 7299 499 2983 3480 1897 2001 8581 4325 689 8794 893 4785 258 2606 1754 3543 7300 3251 7157 6915 7388 7893 4410 3674 1866 193 5001 8757 7881 9323 3408 5003 6527 4752 4513 1366 2073 2827 3115 9574 1332 4508 2360 2559 8554 9065 4681 2926 5526 5256 480 7970 9580 2273 5618 6513 4644
58 5696 8833 1300 1822 2391 4393 2489 1028 8679 8904 2680 5119 1207 6171 4864 4825 9862 6399 5015 2811 831 6483 210 9091 5718 9098 3137 3754 6054 1884 3790 3714 8817 9656 6855 5684 8102 6957 3995 7101 1966 9924 6103 8742 9069 9805 7457 6136 621 6028 1295 4026 4384 1916 2267 5970 1428 1911
55 2201 8865 9456 93 4273 1932 8646 8478 2541 8914 530 2917 5887 8316 5510 615 3300 3797 9363 648 2320 2802 9332 116 3290 2891 1483 1147 7696 5804 5040 8420 3204 5060 3031 2871 1506 3597 7734 113 4905 6583 1347 7544 7602 5985 6901 4584 5780 2968 6266 852 6784 9163 341
44 9462 3783 9391 7149 4017 3242 1433 888 2725 1564 8507 9035 1085 9118 7431 6502 3896 8373 1706 2949 2006 303 5775 3602 5986 9901 2366 4296 4790 4927 9576 8940 79 5937 497 2008 9767 7517 7568 8062 3634 3517 9410 9478
42 1787 190 9380 1730 7835 1228 2509 7059 9029 6354 7355 7443 6948 4602 7831 8436 2632 4226 1341 4865 1391 5331 4399 7266 9331 5120 37 5599 9004 4646 5864 4702 9094 5621 4339 2215 3645 3540 7997 5723 582 3227
41 8328 7607 1440 5556 4692 2738 6978 8723 7580 5878 6472 2654 5856 4229 7455 9562 2426 8877 5852 9959 7853 5646 1873 9355 3971 1977 1563 2045 7646 438 4016 2455 1077 4484 5888 9026 7498 3838 2443 3135 9335
41 5201 3272 2409 9289 848 6473 111 266 9087 2646 4873 6434 5568 1797 8337 2390 2184 8124 7290 3983 1457 5546 5790 3432 440 4853 5179 3751 2938 3583 2572 501 12 9916 3148 7094 3157 2556 8631 5789 6405
41 7675 964 6295 7202 4885 9939 793 3298 8413 3416 1314 9250 643 3096 183 2695 8175 5590 3895 2653 2447 4800 2229 7628 7710 5891 8643 7168 3947 4283 7658 5452 3141 6408 6929 9953 3328 4237 5032 7542 4600
42 6727 74 7472 1104 4201 521 822 4440 8721 8185 8591 6388 48 2979 9996 4496 7834 388 407 4826 4202 9875 5866 2641 9521 1019 5902 6858 9486 1811 6631 6619 427 9987 1881 8776 5736 8195 8110 9748 2791 7690
37 5760 5084 5637 290 2194 7243 6711 4374 1960 5162 8963 4424 4112 844 8999 3013 7353 9426 1161 5806 9709 6759 2941 5931 9530 3809 9132 217 3768 5449 6713 9101 6972 253 9962 5002 1445
42 6280 4263 6750 6764 1089 1218 6364 5071 3481 4047 2808 7906 301 7330 4667 5800 3897 1832 9588 1453 3639 6365 834 7829 4070 9266 4359 260 3142 7226 4102 6047 483 4982 1384 8456 9399 6501 9377 1357 5819 1716
49 3348 6097 4145 1118 1692 790 4652 2924 2355 5905 6386 109 6010 3356 1585 5367 9414 6213 1885 989 5540 5191 5820 5531 3650 6649 3359 2113 241 2997 4086 5630 3732 19 4861 6004 6219 8301 121 7100 9164 2807 5950 3038 8514 3106 6240 4678 2507
37 91 3156 2106 2689 1269 6860 2286 1092 3908 4306 4720 2720 6999 1389 3795 2610 6878 5664 5230 2872 1047 4434 3574 9405 5385 2690 6307 6894 3378 7665 6355 6886 9788 4695 5029 4585 7207
44 4566 6912 1081 8264 8655 9126 9056 9839 1861 6606 3975 2946 9309 292 4748 6692 7962 1661 1458 981 4051 8425 999 7635 8269 9295 97 2488 3414 5563 148 1335 7565 1687 142 4208 4255 1951 9221 1527 1361 677 6722 6091
44 7393 4953 5935 9798 3069 4550 871 8483 6296 1309 8153 7802 6191 2100 2188 1371 9278 2686 4813 5132 5006 367 9262 8221 604 6403 5899 8313 7563 6122 4846 2240 6723 5140 7789 5489 7852 8270 145 9071 6680 1864 6737 1793
27 4694 3086 1431 3544 2955 2852 5080 1292 947 4776 112 8529 7069 6387 6739 5335 9114 7034 9749 6642 4253 9680 5536 3607 6404 2371 9161
38 466 257 9970 1435 7815 4732 1948 8752 965 4845 9617 8550 8764 9103 6904 8866 7133 9746 1200 7535 4024 1362 6831 7657 2363 5363 6116 6467 4505 7342 399 6818 5101 1115 9100 9192 1508 697
45 7190 7614 3925 2207 5983 4898 4178 7990 2092 6728 9664 1034 6457 8675 3889 6147 9668 2837 7218 4207 8461 8707 2639 3248 7129 8138 8705 6349 5623 6805 8676 8600 3861 3097 4620 2619 149 5158 6704 4407 9542 8180 1665 6974 5273
47 6215 4190 2989 9921 2289 7466 5425 5768 6773 6368 3415 9906 6763 6378 198 3920 1636 1346 8023 8288 8276 500 2319 5321 364 1702 4142 4269 8382 4463 5099 7360 3841 374 1017 1583 7666 1812 8803 9947 1015 3601 7246 4586 3918 8964 2217
27 2931 8318 3825 9979 8832 5096 9821 3360 52 2951 1013 9676 6853 8563 4429 3788 4558 898 160 7659 9032 1958 8516 7738 9347 3946 7010
33 5028 4822 9964 6954 8691 382 6345 3605 4750 6492 461 7003 6689 7783 807 8674 3966 5141 6109 9305 8449 1061 2618 2721 5261 7618 5660 889 371 6947 8409 6835 6575
23 8728 9490 8278 2389 5265 7012 9876 6698 3458 8210 3576 3376 2181 6039 5922 4731 3165 6702 547 8770 8670 960 1199
30 9267 8253 4544 4262 3553 3028 1838 9002 6726 5541 4693 5463 5708 3626 7897 6 9819 7287 3998 1022 2189 2041 1327 4548 6157 9015 2134 7348 9418 8909
41 8067 5059 6862 3241 8538 1490 6026 3730 9207 1701 7546 7053 775 5810 6953 7578 5444 7879 272 2580 1284 6401 433 5920 9649 1843 8521 506 50 5319 7339 9813 7055 4326 315 1928 8068 3334 4881 6830 2084
35 718 2255 8391 5963 7620 6362 2741 2283 7206 8843 4847 5154 2026 9316 5620 797 6071 1475 1318 699 737 3070 8219 9099 509 843 9001 573 7008 9573 7004 1875 5240 8629 9403
45 373 2030 1329 1889 1708 1548 1002 4431 8907 5913 1144 4179 3003 7077 6741 3390 2939 9560 3596 8087 6528 6695 9701 4854 5087 1201 1729 3874 2089 4920 712 5589 8188 7396 1375 3655 7435 5960 4526 2493 7806 9555 2623 9204 3504
39 4064 4140 9857 5100 1723 9012 9871 2998 609 322 8686 4925 1919 1406 3250 1719 6539 9299 5037 4756 4987 1656 8233 992 9944 913 1605 7263 3900 748 9193 5380 8084 7106 8768 4965 6730 7134 9697
36 4774 84 3548 3695 2944 5839 1853 3152 2060 1224 9046 733 9730 9758 3263 9566 7786 4451 6526 1534 284 5088 4729 2383 8243 4459 2264 8393 2731 787 3842 4297 6833 4354 4461 5666
41 2947 8122 6183 7423 4818 1825 1045 7336 6098 6809 4351 1535 1536 5299 6837 6963 4027 5733 307 2022 6682 864 1684 5893 155 2880 1722 5004 9744 4781 8197 2990 3993 4479 5491 6217 9873 5473 6496 9958 3767
31 4243 1899 3850 4344 3563 4379 5411 9218 9618 6253 4160 9844 7321 6624 8490 1892 2581 4157 1057 3113 2432 613 1571 1090 6243 2932 6568 1869 9638 5486 8636
40 1724 7863 4823 3055 3981 55 5909 2682 4855 6772 7898 8982 9525 921 3017 9341 9449 6455 9369 1646 8905 3691 5234 4336 8014 2884 5009 4907 7411 6013 9148 3196 6327 9765 3451 6883 7107 3857 75 8696
40 5304 7942 1695 7340 865 2153 1128 5689 7919 2560 4215 4011 1667 5519 2193 14 4492 5989 9671 5394 3088 326 8496 8525 829 5858 2208 372 6911 5155 3586 5017 1529 8192 8736 6960 2719 3769 124 2338
48 7776 4136 4401 1069 2825 4019 3771 4045 3446 5993 1936 7088 4230 7035 7558 7725 2326 3552 9570 8336 3890 4404 6064 1565 9684 6536 4206 7452 8312 8411 4468 2491 5946 1877 2627 9863 7280 4381 2268 8290 390 2999 950 1946 3021 2349 7326 4659
38 8976 5083 1544 3801 9050 379 6400 9070 8304 7373 6529 7198 770 8735 7857 10 6848 1372 3948 1765 4615 5515 856 453 2834 6358 5161 3962 5870 5559 2781 9607 1791 2431 4789 8009 6588 233
44 5327 8350 6460 5198 8231 5833 8255 1662 3923 8338 3884 2975 6760 2723 976 1480 9230 967 2688 1101 8806 3600 1949 9479 8508 7092 2376 9291 4510 4450 5300 5996 2537 2749 8891 637 6377 8619 1484 1315 3381 202 7756 5410
24 1436 2408 3011 7712 7258 8755 7953 6742 8426 1382 1054 5081 1046 5479 7200 5487 9396 3621 6140 9313 7182 8622 8763 9582
19 39 7130 4829 9381 917 7018 3301 9024 6306 884 3293 4842 5458 8059 1006 6679 6524 870 7492
29 9545 8844 3686 1249 5073 8341 3034 9264 4902 1931 672 3309 5719 8836 6661 3111 8275 2927 4228 6577 1449 9927 7856 3940 6094 8774 24 1185 4275
31 1126 564 1589 9792 1188 1771 115 8109 8148 803 8082 8997 801 2362 9519 6391 11 9691 7998 5016 2197 8559 2345 8542 6059 5712 6235 4643 9404 578 3708
24 5964 3127 1303 6137 9303 5611 6143 249 4676 6565 4488 1781 444 4719 7428 4389 4441 774 2192 4928 8767 5953 5644 8465
24 6224 2404 4098 2842 8384 2082 1261 5379 6462 6326 6940 7813 6124 5246 1823 7262 1058 8612 1438 7403 7041 1027 8959 3375
39 1215 8106 8015 8509 895 3514 1068 8732 6166 9923 1726 2364 5755 4742 9487 7732 5047 381 8086 1625 7797 7548 8212 3206 9061 7197 4000 1686 6662 3559 9074 6637 7788 836 8061 7294 9431 6133 3810
48 7560 4294 2973 8371 1963 7859 3495 4373 6450 9507 1511 5648 4740 5565 3162 5573 9239 1043 3052 650 3433 727 176 3739 8157 1232 7562 7301 8647 7444 4449 7754 7119 6335 8032 4631 7791 9950 5276 3226 4518 1369 8317 3059 3071 2678 6576 1868
37 4032 877 2666 9845 9672 99 3616 815 86 6629 5943 6518 4727 4534 4162 9985 9867 3253 9801 6333 5626 3933 8825 9009 3864 1328 5981 6771 8928 3345 6074 9866 9838 9650 7718 6639 1177
21 3508 1223 623 2551 2372 6432 3886 6343 2972 8186 3728 7314 7137 2498 1211 4897 8167 1099 4539 9784 2436
22 9177 8558 5737 4146 2727 3820 8578 1632 3718 1234 1775 7095 7220 1543 3649 2088 2257 7371 5042 2804 5361 2925
27 8489 9400 9232 1918 645 9630 8614 8333 536 9017 2259 3466 226 4670 4464 6468 6604 6118 1561 8822 6067 9965 1912 6420 6579 2978 9948
31 2893 9283 5695 4280 6439 4737 9169 8226 6775 599 7874 7959 5194 8361 9373 1992 3789 197 2856 3848 8802 942 3237 6867 9679 196 651 6269 4712 1773 8799
35 9389 8972 7236 1195 812 6939 7823 244 4886 6193 7819 7 4569 9269 7827 1443 4999 1685 2483 2398 6324 2718 3752 6660 9759 2885 4841 4798 5196 120 7174 2959 951 1212 7917
35 5956 6471 3327 4669 211 6505 6863 8271 348 7507 3372 4491 8091 1945 786 5364 7862 1155 7736 6560 1514 4366 8203 894 7413 5795 5543 1672 5859 9188 8898 4875 7315 6065 9346
26 2245 7615 5199 2411 285 6725 6967 5205 5750 8048 8930 4806 6383 1617 5469 2543 4427 2621 8998 9608 7705 2059 9841 3285 2630 9741
10 5629 4820 8916 2616 8731 1399 4135 9786 4037 3399
5 1939 9244 714 3758 7417
7 2953 3308 2123 212 7652 7996 1627
11 516 3800 6751 378 3816 1313 7002 3074 5375 2582 6787
5 283 9358 3386 1993 592
3 8265 7559 2388
3 4962 2895 5107
1 2288
1 9307
2 5698 2980
4 2634 7319 8392 7555
2 7774 9556
2 2786 5921
1 7368
1 7364
2 5178 7234
0
0
0
0
0
0
0
0
0
0
0
0
0
0
0
0
0
0
0
0
0
0
0
0
0
0
0
0
0
0
0
0
0
0
0
0
0
0
0
0
0
0
0
0
0
0
0
0
0
0
0
0
0
0
0
0
0
0
0
0
0
0
0
0
0
0
0
0
0
0
0
0
0
0
0
0
0
0
0
0
0
0
0
0
0
0
0
0
0
0
0
0
0
0
0
0
0
0
0
0
0
0
0
0
0
0
0
0
0
0
0
0
0
0
0
0
0
0
0
0
0
0
0
0
0
0
0
0
0
0
0
0
0
0
0
0
0
0
0
0
0
0
0
0
0
0
0
0
0
0
0
0
0
0
0
0
0
0
0
0
0
0
0
